1571760000000,109.7,109.69,109.7,109.69,31.05516738
1571760240000,110.06,109.7,109.78,110.06,153.89155752
1571760300000,110.34,109.96,109.97,110.34,7.639085
1571760360000,109.81,109.69,109.76,109.69,12.52130161
1571760420000,109.36,109.36,109.36,109.36,2.8
1571760480000,109.98,109.57,109.57,109.98,1.2
1571760660000,109.63,109.63,109.63,109.63,10.50931
1571760960000,109.38,109.38,109.38,109.38,1.758
1571761200000,109.83,109.83,109.83,109.83,5.171461
1571761260000,110.4,110.21,110.21,110.4,82.2607027
1571761320000,110.49,110.41,110.41,110.49,6.39620266
1571761380000,110.88,110.73,110.73,110.86,107.55602453
1571761440000,112.4,110.88,110.88,112.4,118.54621298
1571761500000,113.49,112.02,112.02,113.49,99.824527
1571761560000,113.72,112.5,113.5,112.54,94.57788176
1571761620000,112.7,112.52,112.52,112.7,12.7394
1571761680000,113.09,112.7,112.7,112.99,10.02166
1571761740000,112.99,112.6,112.6,112.99,3.62060876
1571761800000,112.73,112.73,112.73,112.73,1.699785
1571761860000,113,112.72,112.82,113,114.28408774
1571761920000,113,112.14,113,112.14,77.90295725
1571761980000,112.26,112.26,112.26,112.26,0.2
1571762040000,112.49,112.49,112.49,112.49,3.96407924
1571762160000,112.73,112.4,112.73,112.4,4
1571762220000,113,112.4,112.4,113,52
1571762280000,112.62,112.55,112.62,112.55,41
1571762340000,112.42,112.42,112.42,112.42,2
1571762400000,112.28,112.28,112.28,112.28,1.7739771
1571762460000,112.04,111.87,112.04,111.87,56.56241401
1571762520000,111.87,111.86,111.86,111.87,7.4995192
1571762580000,111.97,110.89,111.97,110.89,37.08819104
1571762640000,111.17,110.88,110.89,111.17,37.43267301
1571762760000,110.73,110.55,110.73,110.55,15.41567422
1571762820000,110.36,108.51,110.36,108.51,105.70407128
1571762880000,109.89,108.52,108.52,109.89,67.57468412
1571762940000,110.32,109.48,109.92,110.26,9.04820616
1571763300000,110.33,110.33,110.33,110.33,8.1
1571763360000,109.72,109.72,109.72,109.72,1
1571763480000,109.3,109.3,109.3,109.3,15
1571763540000,109.21,109.07,109.21,109.07,0.44438599
1571763660000,109.3,109.1,109.3,109.12,15.24714338
1571763840000,109.57,109.57,109.57,109.57,3.85441
1571763900000,109.57,109.57,109.57,109.57,0.000003
1571764380000,109.3,109.01,109.3,109.01,69.06188771
1571764500000,109.17,108.82,109.17,108.82,161.9751
1571764920000,108.53,108.53,108.53,108.53,6.51174204
1571764980000,108.45,107.92,108.45,107.92,218.22994919
1571765040000,107.95,107.92,107.95,107.92,8.9797686
1571765100000,108.06,107.98,108.06,107.98,152.83310397
1571765160000,107.98,107.98,107.98,107.98,113.91811503
1571765280000,108.77,108.53,108.53,108.77,8.471125
1571765340000,109.64,108.87,108.87,109.64,52.59741401
1571765400000,109.57,109.38,109.57,109.39,42.1604
1571765460000,109.43,108.5,109.43,108.5,7.19341401
1571765520000,108.83,108.83,108.83,108.83,1
1571765580000,109,109,109,109,0.5
1571766240000,109.02,109.02,109.02,109.02,3.05596802
1571766420000,109,108.79,109,108.79,2.45345
1571766480000,108.99,108.49,108.99,108.5,1071.90846792
1571766540000,108.45,108.42,108.45,108.42,24.5
1571766600000,108.5,108.49,108.49,108.5,155.3755778
1571766660000,108.5,108.5,108.5,108.5,11.01674711
1571766720000,108.5,108.5,108.5,108.5,123.93097241
1571766780000,108.5,108.5,108.5,108.5,48.7760003
1571766840000,108.5,108.5,108.5,108.5,25.75144137
1571766960000,108.5,108.49,108.49,108.5,15.13514818
1571767020000,108.5,108.5,108.5,108.5,40.99490529
1571767080000,108.5,108.5,108.5,108.5,62.86631542
1571767140000,108.5,108.5,108.5,108.5,136.14735986
1571767200000,108.45,108.34,108.45,108.34,21
1571767260000,108.5,108.49,108.49,108.5,20.90431069
1571767320000,108.5,108.5,108.5,108.5,39.96483495
1571767380000,108.5,108.49,108.49,108.5,8.01595
1571767440000,108.5,108.5,108.5,108.5,40.25403913
1571767680000,108.5,108.4,108.4,108.5,20.33670656
1571767740000,108.5,108.5,108.5,108.5,9.91004755
1571767800000,108.48,108.48,108.48,108.48,11.26598
1571767980000,108.5,108.49,108.49,108.5,92.83916671
1571768040000,108.49,108.49,108.49,108.49,9.16754
1571768100000,108.5,108.5,108.5,108.5,7.06266292
1571768220000,108.49,108.49,108.49,108.49,0.0699
1571768400000,108.49,108.49,108.49,108.49,0.0839
1571769240000,108.3,108.28,108.28,108.3,46
1571769900000,108.15,108.14,108.15,108.14,9.96089
1571770380000,108.14,108.14,108.14,108.14,3.50609
1571770440000,108.14,108.01,108.14,108.1,34.00223445
1571770500000,108.1,108.1,108.1,108.1,57.23630589
1571770560000,108,107.39,108,107.61,309.082
1571770680000,107.81,107.59,107.76,107.81,105.0715
1571770740000,107.57,107.57,107.57,107.57,6.81
1571771280000,108.04,108.03,108.03,108.04,8.9
1571771700000,108.03,108.03,108.03,108.03,2
1571772060000,108.14,108.14,108.14,108.14,0.09741401
1571772120000,108.08,108.08,108.08,108.08,0.5
1571772180000,108.09,108.09,108.09,108.09,0.1123
1571772240000,108.04,107.99,108.04,107.99,0.2215
1571772840000,107.93,107.93,107.93,107.93,3.050217
1571773140000,107.92,107.61,107.92,107.61,23.349699
1571773500000,107.63,107.47,107.47,107.63,2.19453
1571773680000,108.3,108.3,108.3,108.3,0.05
1571773800000,107.7,107.15,107.69,107.15,77.75741
1571773860000,107.53,107.53,107.53,107.53,0.0126
1571773980000,107.88,107.88,107.88,107.88,0.1
1571774340000,107.83,107.79,107.79,107.83,35.34306061
1571774460000,107.15,107.15,107.15,107.15,19.95
1571774520000,107.48,107.19,107.48,107.19,1.96584
1571774580000,107.45,107.01,107.15,107.45,35.5939415
1571774760000,107.1,107,107.1,107.1,8.48916712
1571775000000,108.25,107.68,107.76,107.68,524.44717175
1571775060000,108.24,107.61,107.61,107.87,186.449
1571775120000,108.13,107.81,107.86,107.81,73.10001612
1571775240000,107.88,107.88,107.88,107.88,0.2
1571775780000,107.68,107.68,107.68,107.68,0.378
1571776080000,107.5,107.1,107.5,107.1,41.337445
1571776140000,107.1,107.1,107.1,107.1,2.69
1571776200000,107.1,107.1,107.1,107.1,2.3825
1571776260000,107.1,107.1,107.1,107.1,10.2
1571776320000,107.17,107.15,107.16,107.17,27.13174375
1571776380000,107.18,107.18,107.18,107.18,32.09476674
1571776500000,107.25,107.19,107.19,107.19,11.9655
1571776560000,107.19,107.19,107.19,107.19,8.11663823
1571776680000,107.45,107.22,107.22,107.38,58
1571776740000,107.19,106.99,107.19,106.99,69.58722624
1571776860000,107.21,107.2,107.2,107.21,5
1571777040000,106.99,106.99,106.99,106.99,2
1571777100000,106.9,106.83,106.9,106.83,20.37902523
1571777340000,107.2,107.2,107.2,107.2,0.04
1571777400000,107.2,107.2,107.2,107.2,2.01761321
1571777520000,107,107,107,107,0.04
1571777580000,107.4,107.4,107.4,107.4,2
1571777700000,107.55,107.55,107.55,107.55,11.60110295
1571777820000,108,108,108,108,0.1
1571777880000,108.07,108.07,108.07,108.07,5.2645
1571777940000,108.07,108.07,108.07,108.07,0.2
1571778240000,107.86,107.86,107.86,107.86,7.598633
1571778420000,107.71,107.64,107.71,107.64,0.4675
1571778660000,107.8,107.8,107.8,107.8,2
1571779200000,108.69,108.11,108.11,108.69,131.5343075
1571779260000,108.83,108.76,108.76,108.83,16
1571779320000,108.98,108.83,108.83,108.98,32.13230405
1571779380000,109.12,108.98,108.98,109.12,4.60021585
1571779440000,109.26,109.12,109.12,109.26,5.07312942
1571779560000,109.12,108.99,109.12,108.99,2.4396
1571779620000,109.01,108.99,109.01,108.99,30
1571779920000,109,109,109,109,2.6073
1571780040000,109.1,109.1,109.1,109.1,5
1571780160000,109.33,109.33,109.33,109.33,2.6036
1571780220000,109.29,109.28,109.29,109.28,31.05970449
1571780460000,109.02,109.02,109.02,109.02,0.04
1571780520000,109.23,109.23,109.23,109.23,2
1571780640000,108.86,108.86,108.86,108.86,3.365917
1571780700000,108.66,108.66,108.66,108.66,0.04
1571780760000,108.96,108.52,108.52,108.62,0.9192867
1571781540000,108.9,108.73,108.9,108.73,55.82099488
1571781600000,108.67,108.67,108.67,108.67,2.29
1571782680000,108.14,108.14,108.14,108.14,0.09741401
1571782740000,107.98,107.98,107.98,107.98,0.1
1571783340000,108.36,108.36,108.36,108.36,0.83
1571783820000,108.62,108.62,108.62,108.62,5.819224
1571784120000,108.7,108.7,108.7,108.7,0.6389
1571784300000,108.4,108.4,108.4,108.4,2.1297
1571784900000,108.71,108.71,108.71,108.71,5
1571785080000,108.27,108.23,108.23,108.27,41
1571785140000,108.4,108.23,108.4,108.23,1
1571785440000,107.77,107.76,107.77,107.76,2.91612814
1571785620000,107.59,107.3,107.59,107.41,7.44961613
1571785860000,107.3,106.9,107.3,106.9,16.9245132
1571785920000,106.91,106.8,106.91,106.8,19.1012986
1571785980000,107.01,107,107,107.01,15.4128
1571786040000,106.92,106.92,106.92,106.92,0.0578
1571786100000,106.79,106.77,106.79,106.77,1.90581889
1571786160000,106.69,106.69,106.69,106.69,0.5802
1571786220000,106.8,106.56,106.69,106.8,48.86959125
1571786340000,106.5,106.16,106.5,106.28,39.707156
1571786460000,106.55,106.48,106.48,106.55,22.66847018
1571786640000,106.19,105.71,106.19,106.09,16.75488201
1571786700000,106.13,106.03,106.12,106.1,15.0392
1571786760000,106.2,106.2,106.2,106.2,2.4798
1571786880000,106.91,106.54,106.54,106.91,4.22401401
1571787120000,106.85,106.85,106.85,106.85,0.2
1571787360000,107.17,106.59,106.61,106.59,206.81977521
1571787780000,106,105.99,106,105.99,2
1571787960000,106.45,106.45,106.45,106.45,1.84928849
1571788440000,106.42,106.42,106.42,106.42,11.01674711
1571788680000,106.38,106.38,106.38,106.38,2.0856
1571788800000,106.15,106.12,106.15,106.12,6.52212405
1571788860000,106.08,105.96,106.06,105.96,30.42660464
1571788920000,105.8,105.73,105.8,105.75,52.56315361
1571788980000,105.7,105.52,105.7,105.52,27.60894858
1571789040000,105.57,105.42,105.54,105.57,33.89855639
1571789100000,105.58,105.57,105.57,105.58,0.9991
1571789160000,105.7,105.7,105.7,105.7,1.0141
1571789220000,106.13,106.11,106.11,106.13,46.3616
1571789280000,105.78,105.78,105.78,105.78,0.0955
1571789400000,106.03,105.72,105.72,106.03,6.71260868
1571789820000,106.52,106.52,106.52,106.52,0.2
1571790060000,106.22,106.22,106.22,106.22,0.5
1571790420000,106.68,106.68,106.68,106.68,0.097
1571790480000,106.89,106.68,106.68,106.89,0.15
1571790780000,107.21,107.21,107.21,107.21,2
1571790960000,106.84,106.84,106.84,106.84,7.34682
1571791020000,106.8,106.8,106.8,106.8,11.394716
1571791080000,106.89,106.86,106.89,106.86,2
1571792520000,107.41,107.41,107.41,107.41,0.09741401
1571793000000,107.57,107.57,107.57,107.57,1.4478
1571793060000,107.71,107.57,107.57,107.71,153.05948599
1571793480000,107.38,107.38,107.38,107.38,12.092371
1571793720000,107.13,107.13,107.13,107.13,0.06
1571793780000,107.32,107.32,107.32,107.32,0.55
1571794020000,107,107,107,107,9.12013743
1571794200000,107,107,107,107,2.1
1571794260000,107.22,106.99,106.99,107.22,4.537328
1571794680000,107.06,107,107,107.06,5.70316243
1571794800000,107.3,107.3,107.3,107.3,0.36273757
1571795280000,107.3,107.29,107.3,107.29,23.86650654
1571795400000,107.3,107.3,107.3,107.3,5.70617143
1571795460000,107.3,107.3,107.3,107.3,5.79458446
1571796000000,107.34,107.34,107.34,107.34,9.72268036
1571796360000,107.19,107.18,107.19,107.18,8.97121591
1571796480000,107.18,107.18,107.18,107.18,1.41564516
1571796540000,106.97,106.97,106.97,106.97,0.236
1571796600000,106.97,106.97,106.97,106.97,0.84577445
1571796720000,106.82,106.82,106.82,106.82,1.4734061
1571796840000,106.69,106.34,106.69,106.34,18.35074175
1571796900000,106.38,106.38,106.38,106.38,1.09053335
1571797020000,106.46,106.45,106.46,106.45,8
1571797080000,106.2,106.2,106.2,106.2,1.0000004
1571797620000,106.57,106.5,106.57,106.5,26.038468
1571797800000,106.44,106.44,106.44,106.44,1
1571798160000,106.67,106.66,106.67,106.67,8.51833459
1571798220000,106.66,106.66,106.66,106.66,3.85513137
1571798280000,106.43,106.43,106.43,106.43,1.0875129
1571799120000,106.8,106.63,106.63,106.8,30
1571799480000,106.51,106.51,106.51,106.51,7.78450713
1571799660000,106.51,106.3,106.51,106.3,2.47945236
1571801220000,106.56,106.53,106.56,106.53,10.24000999
1571801400000,106.11,106.1,106.11,106.1,1.18961008
1571801580000,106.03,105.5,106.03,105.5,11.3697423
1571801640000,105.37,103.7,105.36,103.7,204.9627118
1571801700000,103.77,102.62,103.77,102.62,202.11976936
1571801760000,102.79,102.03,102.62,102.79,39.42941163
1571801820000,102.16,102.12,102.12,102.13,60.80976849
1571801880000,102.45,102.01,102.21,102.45,201.13298772
1571801940000,103.12,102.96,102.96,103.12,3.33891511
1571802000000,103.05,102.81,103.05,102.81,100.35
1571802240000,103.35,103.01,103.01,103.35,100
1571802300000,103.17,103.17,103.17,103.17,5
1571802420000,103.01,103.01,103.01,103.01,0.1175
1571802660000,102.78,102.77,102.78,102.77,3.3375
1571802720000,103.34,103,103,103.33,10.352
1571802780000,103.42,103.06,103.42,103.06,6.07551604
1571802900000,103.06,103.06,103.06,103.06,0.00788596
1571802960000,102.92,102.92,102.92,102.92,1.6322
1571803080000,102.98,102.84,102.84,102.98,5
1571803140000,102.88,102.86,102.86,102.88,1.3412
1571803260000,102.66,102.66,102.66,102.66,1
1571803440000,103.04,102.67,102.9,102.95,2.90861286
1571803500000,103.21,102.92,102.98,103.15,5.19561286
1571803560000,103.15,102.94,103.15,103.04,1.99634405
1571803620000,103.27,103,103,103.22,4.11431286
1571803680000,103.33,103.22,103.23,103.22,2.79488167
1571803740000,103.63,103.24,103.24,103.4,2.49561286
1571803800000,103.45,103.34,103.34,103.43,2.43841286
1571803860000,103.44,103.42,103.43,103.44,2.39561286
1571803920000,103.44,103.35,103.44,103.35,0.79853761
1571804040000,103.59,103.45,103.45,103.59,1
1571804160000,103.58,103.58,103.58,103.58,1.93087
1571804460000,103.66,103.66,103.66,103.66,1.7815
1571804640000,103.39,103.39,103.39,103.39,1.68154159
1571804700000,103.39,103.39,103.39,103.39,6.26411041
1571804880000,103.61,103.61,103.61,103.61,1
1571805060000,103.62,103.62,103.62,103.62,0.50449145
1571805180000,103.7,103.68,103.68,103.7,20
1571805300000,103.62,103.62,103.62,103.62,3.474987
1571805840000,103.02,103.02,103.02,103.02,1.529529
1571806440000,102.78,102.78,102.78,102.78,0.598689
1571806860000,103.53,103.43,103.53,103.43,1.0474
1571806980000,103.24,103.24,103.24,103.24,2.42154203
1571807040000,102.95,102.9,102.95,102.9,2
1571807580000,103.55,103.55,103.55,103.55,2.41429261
1571808300000,103.19,103.16,103.19,103.16,2.46752401
1571808540000,103.16,103.16,103.16,103.16,0.06
1571809020000,103.02,102.8,103.02,102.8,9.962977
1571809080000,102.64,102.63,102.63,102.63,16.2
1571809140000,102.57,102.57,102.57,102.57,3
1571809440000,102.51,102.5,102.51,102.5,3.83009523
1571809500000,102.5,102.42,102.43,102.5,7.63549689
1571809560000,102.76,102.76,102.76,102.76,1
1571809740000,102.94,102.93,102.93,102.94,11.12517363
1571809920000,102.78,102.78,102.78,102.78,1
1571810040000,103.05,103.05,103.05,103.05,0.856325
1571810220000,103.13,103.13,103.13,103.13,0.06
1571810400000,103.36,103.17,103.17,103.36,61.18955917
1571810580000,103.39,103.39,103.39,103.39,0.1311
1571811180000,103.39,103.25,103.25,103.39,2.417236
1571811300000,103.51,103.51,103.51,103.51,2.01889839
1571811420000,103.5,103.5,103.5,103.5,2.11668424
1571811480000,103.5,103.5,103.5,103.5,5
1571812080000,103.34,103.22,103.22,103.34,5.570643
1571812140000,103.55,103.55,103.55,103.55,0.3994
1571812380000,103.55,103.55,103.55,103.55,14.47983916
1571812440000,103.55,103.55,103.55,103.55,12.4732024
1571812500000,103.55,103.55,103.55,103.55,23.16019896
1571812560000,103.55,103.55,103.55,103.55,0.00039048
1571812620000,103.8,103.8,103.8,103.8,1
1571812860000,103.8,103.8,103.8,103.8,11.07421977
1571812920000,103.82,103.8,103.8,103.82,36.02319424
1571812980000,104.04,104.04,104.04,104.04,0.477
1571813100000,104.08,104.04,104.04,104.08,2.4
1571813220000,103.97,103.97,103.97,103.97,15
1571813340000,103.84,103.84,103.84,103.84,0.2672
1571813520000,103.91,103.91,103.91,103.91,0.2672
1571814060000,103.54,103.54,103.54,103.54,2.75453416
1571814180000,103.22,103.22,103.22,103.22,1.670567
1571814840000,103.22,102.89,103.22,103.04,47.91
1571815440000,103.63,103.38,103.38,103.63,40
1571815500000,103.56,103.54,103.54,103.56,1.6
1571815620000,103.64,103.48,103.48,103.63,126.6
1571816100000,103.29,103.29,103.29,103.29,6.2772874
1571816640000,103.36,103.36,103.36,103.36,1
1571816700000,103.35,103.35,103.35,103.35,4.280867
1571816760000,103.17,103.17,103.17,103.17,0.8712
1571816940000,103.13,103.13,103.13,103.13,5
1571817300000,103.08,103.08,103.08,103.08,5
1571817420000,103.03,103.03,103.03,103.03,1
1571817540000,102.92,102.92,102.92,102.92,9.42633191
1571817600000,102.88,102.71,102.71,102.88,1.07504613
1571817660000,103.08,103.08,103.08,103.08,12
1571817720000,103.08,103.08,103.08,103.08,11
1571817780000,103.08,103.06,103.08,103.06,15.190619
1571817900000,102.85,102.85,102.85,102.85,2
1571817960000,103.08,103.08,103.08,103.08,7.81
1571818020000,103.08,103.08,103.08,103.08,5
1571818140000,103.08,103.08,103.08,103.08,5
1571818260000,103.08,103.08,103.08,103.08,28.2475497
1571818320000,103.08,103.08,103.08,103.08,5
1571818380000,103.08,103.08,103.08,103.08,28
1571818440000,103.08,103.08,103.08,103.08,9
1571818560000,103.08,103.08,103.08,103.08,23.51696775
1571818620000,103.08,103.08,103.08,103.08,4
1571818680000,103.08,103.08,103.08,103.08,17.42548255
1571818740000,103.47,103.28,103.28,103.47,46
1571819400000,103.24,103.24,103.24,103.24,2.99
1571819760000,103.36,103.14,103.14,103.36,21.71724
1571819820000,103.46,103.46,103.46,103.46,1
1571820900000,103.44,103.39,103.39,103.44,17.1348
1571821860000,103.28,103.24,103.24,103.28,6
1571822100000,103.12,103.12,103.12,103.12,10
1571822460000,103.4,103.4,103.4,103.4,1
1571822520000,103.59,103.58,103.58,103.59,0.3991
1571822580000,103.74,103.74,103.74,103.74,0.25
1571822640000,103.74,103.64,103.64,103.74,15.00018472
1571822880000,103.62,103.62,103.62,103.62,3.169816
1571824320000,103.39,103.39,103.39,103.39,0.5
1571824740000,103.73,103.73,103.73,103.73,1
1571825760000,103.82,103.82,103.82,103.82,0.09741401
1571825820000,103.89,103.89,103.89,103.89,0.25
1571825940000,104.11,104.04,104.04,104.11,0.37914986
1571826000000,104.1,104.05,104.1,104.05,2
1571826120000,103.88,103.88,103.88,103.88,0.2713
1571826180000,104,103.99,103.99,104,2.99141141
1571826240000,104,104,104,104,0.05767673
1571826420000,104.2,104.04,104.04,104.2,6
1571826480000,104.2,104.2,104.2,104.2,47.82055926
1571826600000,104.16,104.16,104.16,104.16,2
1571826660000,104.16,104.01,104.16,104.01,1.03655816
1571826780000,104.33,104.06,104.06,104.33,120.7
1571826960000,104.4,104.31,104.33,104.4,60.67445967
1571827020000,104.27,104.27,104.27,104.27,2.8
1571827260000,104.1,104.1,104.1,104.1,0.169
1571827380000,104.06,104.06,104.06,104.06,0.7
1571827440000,104.39,104.39,104.39,104.39,4.568357
1571827500000,104.9,104.4,104.4,104.69,309.5495
1571827680000,104.24,104.24,104.24,104.24,0.1
1571828520000,104.38,104.38,104.38,104.38,3.3
1571828580000,104.03,104.03,104.03,104.03,7.00000029
1571828700000,104.03,103.92,104.03,103.92,48.3118386
1571828760000,103.82,103.14,103.82,103.14,57.61281388
1571828880000,103.52,103.52,103.52,103.52,2.29627567
1571829420000,103.26,102.98,103.26,102.98,33.15846593
1571829480000,102.93,102.93,102.93,102.93,1
1571829780000,103.03,102.99,103.03,102.99,25
1571829960000,103.68,103.67,103.67,103.68,20.929244
1571830440000,103.37,103.24,103.37,103.24,20.21912395
1571830500000,103.2,103.2,103.2,103.2,6
1571830560000,103.21,103.2,103.21,103.2,10.29762864
1571830620000,103.3,103.26,103.26,103.3,9.78240326
1571830680000,103.31,103.3,103.31,103.3,18.47631737
1571830740000,103.3,103.3,103.3,103.3,67.06376393
1571830800000,103.3,103.29,103.3,103.29,97.03043078
1571831040000,102.75,102.74,102.74,102.75,10.01
1571831100000,102.62,102.62,102.62,102.62,10.01
1571831160000,102.45,102.45,102.45,102.45,0.05
1571831220000,102.45,102.45,102.45,102.45,4.14747755
1571831340000,102.57,102.45,102.57,102.45,100
1571831400000,102.42,102.42,102.42,102.42,0.09741401
1571831580000,102.23,102.22,102.22,102.22,2
1571831640000,102.26,102.26,102.26,102.26,1.5
1571831940000,102.22,101.67,102.22,101.84,346.01628561
1571832000000,101.98,101.6,101.98,101.6,1.945062
1571832060000,101.6,101.5,101.6,101.5,21.231438
1571832120000,101.45,101.34,101.34,101.45,5.1362
1571832240000,101.42,101.42,101.42,101.42,0.8562929
1571832300000,101.54,101.54,101.54,101.54,0.5
1571832360000,101.52,101.52,101.52,101.52,2
1571832480000,101.52,101.42,101.52,101.42,28.79838721
1571832540000,101.33,101.33,101.33,101.33,0.3
1571832600000,101.05,99.665,101.05,99.665,317.73746495
1571832660000,100.55,100.28,100.36,100.28,1.5996
1571832720000,100.32,100.11,100.32,100.11,5
1571832780000,100.82,100.82,100.82,100.82,0.1
1571832840000,101.22,101.04,101.04,101.22,0.5
1571832900000,101.43,100.97,100.97,101.43,37.2907406
1571832960000,101.71,101.41,101.61,101.46,47.42196677
1571833140000,101.73,101.73,101.73,101.73,0.09741401
1571833200000,102.02,101.83,102.02,101.83,6.8324
1571833260000,102,101.87,101.87,102,6.8
1571833320000,101.86,101.86,101.86,101.86,0.41080324
1571833500000,101.54,101.54,101.54,101.54,1.45
1571833560000,101.45,101.4,101.45,101.4,23.1
1571833620000,101.4,101.25,101.4,101.25,10.033764
1571833680000,101.1,101.1,101.1,101.1,2.125
1571833920000,101.14,101.13,101.14,101.13,21.63217546
1571833980000,101.67,101.62,101.62,101.67,21.632175
1571834040000,101.36,101.36,101.36,101.36,0.2
1571834100000,101.69,101.69,101.69,101.69,2.125
1571834340000,101.04,101.04,101.04,101.04,0.09741401
1571834400000,101.58,101,101.04,101.58,22.78238207
1571834460000,100.5,98.834,100.5,98.834,401.09841702
1571834520000,98.897,97.561,98.73,97.855,337.40851472
1571834580000,99.271,97.812,97.87,98.03,548.84716586
1571834640000,98.206,97.09,97.92,97.09,236.53827161
1571834700000,98.099,96.644,97.036,98.099,217.35932248
1571834760000,99.598,98.254,98.255,99.47,267.16786185
1571834820000,98.407,98.002,98.407,98.002,24.62603062
1571834880000,99.243,98.306,98.648,99,123.10862018
1571834940000,99.285,98.51,98.532,99.159,65.39719575
1571835000000,99,98.502,98.705,98.657,138.65317219
1571835120000,98.339,98.1,98.339,98.1,1.09741401
1571835180000,98.5,98.15,98.15,98.5,360.38491318
1571835240000,98.517,98.5,98.5,98.5,36.36994619
1571835300000,98.5,98,98.5,98.122,197.6270276
1571835480000,98.437,98.257,98.257,98.437,5.871639
1571835540000,98.831,98.194,98.831,98.194,2.25531126
1571835600000,98.423,98.05,98.175,98.05,24.21329775
1571835660000,98.062,97.677,98.05,97.68,328.90374702
1571835720000,98.434,97.676,97.68,98.434,162.66324
1571835840000,98.15,97.684,97.695,97.71,33.83458658
1571835900000,97.674,97.095,97.674,97.109,3.67734065
1571835960000,97.66,96.619,97.014,96.926,20.63132812
1571836020000,97.673,97.008,97.672,97.008,33.89688086
1571836080000,96.851,96.816,96.851,96.85,12.012049
1571836140000,96.9,96.18,96.85,96.324,146.65835798
1571836200000,96.549,94.917,96.188,94.917,632.03692564
1571836260000,95.167,94.88,94.917,94.99,90.56040815
1571836320000,96.002,95.051,95.051,95.964,71.51350262
1571836380000,95.499,95.499,95.499,95.499,2.1155644
1571836440000,96.199,95.708,96.199,96.165,2.4074853
1571836560000,96.162,96.075,96.075,96.162,81.699785
1571836620000,95.692,95.5,95.683,95.516,23.07801826
1571836680000,95.823,95.5,95.6,95.5,6.33647297
1571836740000,95.659,94.917,95.5,95.659,64.2593292
1571836800000,95.218,95.018,95.208,95.018,5.37086007
1571836860000,95.348,94.418,95.019,94.418,269.38750313
1571836920000,94.418,92.693,94.418,92.906,1300.51658976
1571836980000,94.553,93.427,93.427,94.083,45.30172682
1571837040000,94.24,93.776,93.778,94.24,69.83736088
1571837100000,94.414,93.143,93.44,93.76,34.2871954
1571837160000,94.414,93.776,93.777,94.414,0.23541401
1571837220000,94.646,94.244,94.244,94.646,50.24613204
1571837280000,94.845,94.506,94.647,94.84,12.97820906
1571837340000,94.302,94.13,94.301,94.13,38.25281572
1571837520000,94.717,94.688,94.688,94.717,17.0088
1571837580000,95.206,94.799,94.799,95.206,16.77232393
1571837640000,95.32,95.2,95.2,95.32,186.9058
1571837700000,95.544,95.15,95.15,95.39,6.56638492
1571837760000,95.58,95.58,95.58,95.58,11.77866356
1571837820000,95.45,95.1,95.43,95.1,241.32807944
1571837880000,95,95,95,95,41.01225938
1571837940000,95.101,94.752,95,95.101,8.97244062
1571838000000,94.999,94.999,94.999,94.999,0.1
1571838060000,94.751,94.751,94.751,94.751,1
1571838180000,94.492,94.024,94.491,94.276,46.04838258
1571838240000,94.299,94.299,94.299,94.299,0.1
1571838300000,94.538,94.074,94.528,94.311,14.02627948
1571838360000,95.018,95.018,95.018,95.018,0.1724
1571838420000,94.98,94.979,94.979,94.98,1
1571838540000,94.64,94.64,94.64,94.64,0.5
1571838600000,94.8,94.8,94.8,94.8,25
1571838780000,94.8,94.8,94.8,94.8,0.09673787
1571838900000,95.631,94.82,94.82,95.631,12.2
1571838960000,95.64,95.64,95.64,95.64,3.3357122
1571839020000,94.884,94.884,94.884,94.884,1.08571844
1571839080000,95,94.917,94.917,95,1.5
1571839200000,95.698,95.137,95.698,95.137,10.04
1571839380000,95.141,95.14,95.14,95.141,6.61706781
1571839440000,95.14,94.872,95.14,94.872,159.52395481
1571839500000,95.305,95.305,95.305,95.305,0.3
1571839740000,95.98,95.378,95.378,95.98,58.40338567
1571839800000,96.029,96.029,96.029,96.029,1.24503802
1571839860000,96.36,96.097,96.097,96.269,80.1
1571839920000,96.426,96.298,96.306,96.299,104
1571839980000,96.234,96.233,96.233,96.234,4
1571840040000,95.9,95.9,95.9,95.9,5
1571840100000,96,96,96,96,0.36
1571840160000,95.995,95.995,95.995,95.995,7.33829494
1571840280000,95.8,95.8,95.8,95.8,12
1571840400000,96.002,96.002,96.002,96.002,1.5
1571840460000,95.705,95.705,95.705,95.705,0.09741401
1571840520000,95.706,95.586,95.66,95.586,80.0681
1571840640000,95.768,95.767,95.767,95.768,8
1571840760000,95.106,95.106,95.106,95.106,2.4
1571841060000,95.163,95.163,95.163,95.163,1.0646
1571841120000,95.725,95.631,95.631,95.725,8
1571841420000,95.795,95.398,95.777,95.763,37
1571841540000,95.387,95.387,95.387,95.387,0.04
1571841780000,95.634,95.634,95.634,95.634,0.06
1571842080000,95.543,95.48,95.48,95.52,2.06731545
1571842380000,95.862,95.862,95.862,95.862,0.001
1571842620000,96.338,95.875,95.875,96.338,104
1571842680000,95.8,95.8,95.8,95.8,5
1571842800000,95.6,95.6,95.6,95.6,12.626227
1571842920000,95.384,95.16,95.384,95.16,10.01468598
1571842980000,95.058,95,95.058,95,13.5616
1571843040000,94.846,94.525,94.846,94.525,5.25607912
1571843100000,95.233,95.233,95.233,95.233,3
1571843220000,94.547,94.547,94.547,94.547,1.1572
1571843400000,95.216,95.212,95.212,95.215,0.4
1571843460000,95.471,95.271,95.271,95.471,1.3
1571843820000,95.486,94.999,94.999,95.486,4.10139456
1571843880000,95.49,95.484,95.484,95.49,25
1571843940000,95.489,95.489,95.489,95.489,0.00000023
1571844000000,95.442,95.411,95.42,95.412,40
1571844120000,95.18,95.129,95.15,95.18,40
1571844180000,94.947,94.946,94.947,94.947,20.34842829
1571844240000,94.946,94.946,94.946,94.946,10.01458506
1571844300000,94.946,94.639,94.946,94.639,24.65879676
1571844480000,94.51,94.51,94.51,94.51,30
1571844540000,94.928,94.816,94.816,94.928,3.37460101
1571844600000,94.947,94.935,94.936,94.947,29.66333932
1571844780000,95.056,95.056,95.056,95.056,18.23782274
1571844900000,95.057,94.78,94.78,95.057,6.90047329
1571844960000,95.251,95.25,95.25,95.251,3.28264309
1571845320000,95.15,95.149,95.149,95.15,2.04194256
1571845380000,95.659,95.659,95.659,95.659,1.67279226
1571845740000,95.696,95.682,95.682,95.696,5
1571845980000,95.439,95.409,95.409,95.439,12.69986714
1571846040000,95.439,95.439,95.439,95.439,2.48755549
1571846160000,95.354,95.3,95.354,95.3,12.3499934
1571846220000,95.548,95.3,95.3,95.548,1.31401349
1571846340000,95.419,95.419,95.419,95.419,0.4
