1563552000,218.91,217.79,218.68,217.98,522.96314
1563552060,217.92,216.14,217.9,217.01,1194.88465
1563552120,217.53,216.7,217.2,216.98,586.11235
1563552180,217.11,216.71,216.98,217.05,39.56534
1563552240,217.65,217.04,217.1,217.6,332.79586
1563552300,217.74,217.35,217.49,217.65,111.2521
1563552360,217.71,217.45,217.64,217.57,42.31612
1563552420,217.61,217.07,217.56,217.14,169.86441
1563552480,218,217.05,217.15,217.64,297.47636
1563552540,217.97,217.62,217.63,217.86,150.82265
1563552600,217.89,217.52,217.86,217.62,125.53323
1563552660,217.83,217.2,217.62,217.25,182.27322
1563552720,217.47,217.08,217.2,217.29,114.10174
1563552780,217.61,217.18,217.29,217.5,113.3244
1563552840,217.69,217.41,217.53,217.49,73.60294
1563552900,217.54,217.4,217.41,217.54,67.59985
1563552960,218.05,217.52,217.54,218.01,307.61143
1563553020,218.02,217.65,218.02,217.68,155.36708
1563553080,218,217.7,217.74,217.93,93.35244
1563553140,218,217.56,217.99,217.59,85.99064
1563553200,217.73,217.5,217.65,217.51,86.50234
1563553260,217.56,217.35,217.56,217.37,81.60684
1563553320,217.5,217.33,217.33,217.42,57.85996
1563553380,217.82,217.41,217.41,217.66,109.05821
1563553440,217.82,217.61,217.7,217.65,90.39418
1563553500,217.74,217.39,217.69,217.61,68.14275
1563553560,217.77,217.51,217.67,217.7,37.39396
1563553620,217.7,217.3,217.7,217.34,97.46255
1563553680,217.56,217.15,217.3,217.23,216.58895
1563553740,217.45,217.15,217.34,217.3,328.33332
1563553800,217.73,217.19,217.34,217.57,87.88544
1563553860,217.64,217.29,217.57,217.64,210.75045
1563553920,217.78,217.43,217.67,217.55,62.23865
1563553980,217.62,217.29,217.55,217.46,62.23501
1563554040,217.78,217.39,217.42,217.65,140.67922
1563554100,218.31,217.56,217.7,218.08,285.83198
1563554160,218.56,217.9,217.91,218.43,307.46985
1563554220,219.13,218.38,218.43,218.95,227.73521
1563554280,219.05,218.68,218.91,218.96,158.24236
1563554340,219.5,218.94,219.01,219.28,299.42014
1563554400,219.16,218.66,219.16,218.76,185.91407
1563554460,219.28,218.84,218.84,219.16,243.48972
1563554520,219.67,219.03,219.13,219.55,145.15209
1563554580,219.87,218.66,219.63,218.92,361.7826
1563554640,219.15,218.38,218.98,218.65,108.08028
1563554700,219.03,218.55,218.78,218.61,90.93369
1563554760,218.9,218.18,218.68,218.27,359.1022
1563554820,218.28,218.01,218.24,218.11,217.2286
1563554880,218.22,217.53,218.1,217.6,153.64161
1563554940,217.83,217.52,217.74,217.59,44.55657
1563555000,218,217.52,217.61,217.85,91.71612
1563555060,218.35,217.79,217.85,218.27,118.34281
1563555120,218.29,218.1,218.22,218.21,74.92331
1563555180,218.35,217.87,218.22,218.35,194.96313
1563555240,218.4,218.07,218.33,218.2,62.03979
1563555300,218.45,218.12,218.28,218.32,45.77218
1563555360,218.75,218.28,218.28,218.51,75.38385
1563555420,218.89,218.36,218.42,218.58,191.90549
1563555480,218.6,218.23,218.57,218.37,51.93438
1563555540,218.53,218.16,218.42,218.35,85.83063
1563555600,218.6,218.3,218.33,218.41,64.47675
1563555660,218.86,218.39,218.55,218.73,45.45798
1563555720,218.9,218.64,218.8,218.69,142.03646
1563555780,218.9,218.64,218.68,218.78,28.56772
1563555840,218.78,218.53,218.78,218.56,54.72971
1563555900,218.74,218.34,218.56,218.74,60.15731
1563555960,218.9,218.34,218.67,218.84,126.82899
1563556020,219.13,218.77,218.81,218.99,82.23624
1563556080,219,218.69,218.99,218.72,85.91143
1563556140,218.99,218.69,218.8,218.99,57.73145
1563556200,218.99,218.26,218.9,218.26,67.69808
1563556260,218.49,218.09,218.23,218.09,85.65411
1563556320,218.57,218.1,218.16,218.1,94.46868
1563556380,218.31,218.09,218.15,218.14,37.62492
1563556440,218.66,218.15,218.16,218.52,34.60398
1563556500,218.77,218.33,218.53,218.73,616.99235
1563556560,218.79,218.43,218.44,218.61,51.93454
1563556620,218.94,218.67,218.7,218.78,62.9546
1563556680,219.34,218.77,218.78,219.1,218.74629
1563556740,219.19,218.67,219.04,218.69,105.89857
1563556800,218.96,218.69,218.71,218.73,44.36978
1563556860,218.88,218.43,218.72,218.49,43.69156
1563556920,218.7,218.38,218.62,218.59,83.26757
1563556980,218.74,218.55,218.61,218.58,38.26169
1563557040,218.74,218.4,218.65,218.58,55.00764
1563557100,218.84,218.48,218.48,218.84,52.37049
1563557160,218.92,218.45,218.92,218.59,64.5179
1563557220,218.78,218.39,218.55,218.75,43.8556
1563557280,218.74,218.49,218.65,218.59,46.63787
1563557340,218.73,218.41,218.6,218.46,35.91054
1563557400,219.39,218.44,218.46,219.39,549.38355
1563557460,219.35,218.78,219.27,218.94,212.1061
1563557520,219.09,218.62,218.93,218.84,113.6218
1563557580,219.11,218.72,218.99,218.72,51.68738
1563557640,218.86,218.5,218.76,218.5,109.60005
1563557700,218.82,218.45,218.45,218.65,29.58541
1563557760,218.87,218.58,218.71,218.79,64.4464
1563557820,219.23,218.6,218.8,218.71,198.64401
1563557880,219.06,218.61,218.71,219.03,66.41933
1563557940,219.21,218.78,219.05,219.21,143.76907
1563558000,219.68,218.96,219.22,219.31,370.79629
1563558060,219.29,219.04,219.28,219.04,64.80129
1563558120,219.45,219.05,219.1,219.22,106.79728
1563558180,219.29,218.85,219.24,218.9,98.98133
1563558240,219,218.74,218.86,218.74,61.02574
1563558300,218.9,218.74,218.78,218.83,51.70302
1563558360,219.21,218.76,218.81,219.07,69.86186
1563558420,219.3,219.01,219.16,219.19,41.65386
1563558480,219.3,219,219.17,219.2,80.54807
1563558540,219.14,218.49,219.14,218.74,375.01235
1563558600,218.93,218.57,218.82,218.66,112.67129
1563558660,218.85,218.6,218.61,218.73,89.29725
1563558720,218.85,218.67,218.69,218.8,45.49194
1563558780,218.84,218.68,218.76,218.8,41.56104
1563558840,218.83,218.6,218.83,218.66,69.58919
1563558900,218.8,218.66,218.66,218.72,40.91146
1563558960,218.78,218.34,218.78,218.44,565.24356
1563559020,218.43,218.32,218.39,218.4,94.24569
1563559080,218.5,218.33,218.33,218.45,41.99552
1563559140,218.45,218,218.45,218.09,226.68628
1563559200,218.31,217.83,218,218.29,653.68081
1563559260,218.29,218.07,218.29,218.1,74.58461
1563559320,218.25,218.1,218.1,218.22,75.9383
1563559380,218.46,218.21,218.23,218.34,91.04334
1563559440,218.67,218.34,218.34,218.66,66.53562
1563559500,218.74,218.45,218.66,218.55,94.13419
1563559560,218.66,218.47,218.56,218.47,39.8417
1563559620,218.71,218.49,218.49,218.64,58.91265
1563559680,218.64,218.45,218.59,218.46,41.03639
1563559740,218.65,218.46,218.46,218.54,84.56989
1563559800,218.63,218.4,218.48,218.4,122.79512
1563559860,218.7,218.37,218.42,218.61,88.03003
1563559920,218.6,218.38,218.55,218.38,57.84882
1563559980,218.48,218.23,218.37,218.28,121.99071
1563560040,218.36,218.24,218.27,218.27,134.6093
1563560100,218.55,218.23,218.28,218.48,159.77928
1563560160,218.58,218.28,218.48,218.35,96.92171
1563560220,218.51,218.3,218.34,218.32,45.54329
1563560280,218.41,218.22,218.34,218.26,46.41001
1563560340,218.34,217.96,218.26,218.03,211.80291
1563560400,218.43,217.98,218.01,218.1,340.66249
1563560460,218.27,217.95,218.12,218.21,116.80036
1563560520,218.23,217.92,218.23,217.93,69.59664
1563560580,218.09,217.55,217.92,218,487.00111
1563560640,218.51,218,218.03,218.42,109.09354
1563560700,218.58,218.24,218.44,218.5,87.20449
1563560760,218.43,218.19,218.37,218.19,36.86555
1563560820,218.58,218.2,218.2,218.51,243.49941
1563560880,218.58,218.24,218.51,218.28,86.34536
1563560940,218.42,218.21,218.24,218.34,39.91222
1563561000,218.3,217.96,218.22,217.98,1556.66238
1563561060,218.19,217.98,217.98,218.06,82.1776
1563561120,218.35,218.04,218.04,218.08,39.28428
1563561180,218.1,217.66,218.08,217.95,155.08402
1563561240,218.09,217.6,217.96,218.09,1165.48012
1563561300,218.11,217.62,218.02,217.89,232.8259
1563561360,218,217.77,217.92,217.78,50.50667
1563561420,218.16,217.77,217.92,218.12,184.69739
1563561480,218.32,217.97,218.11,218.22,181.34456
1563561540,218.37,218.05,218.19,218.18,89.75928
1563561600,218.36,218.18,218.29,218.33,46.21597
1563561660,218.42,218.22,218.33,218.33,55.61042
1563561720,218.39,218.19,218.34,218.22,33.10554
1563561780,218.22,218,218.22,218,56.54542
1563561840,218.28,217.99,218.08,218.15,65.57842
1563561900,218.24,217.97,218.21,218.23,473.61175
1563561960,218.53,218.28,218.29,218.42,42.25747
1563562020,218.51,218.11,218.41,218.26,74.09266
1563562080,218.35,218.12,218.18,218.3,52.03872
1563562140,218.48,218.27,218.27,218.43,40.07434
1563562200,218.5,218.2,218.43,218.21,46.17821
1563562260,218.44,218.22,218.24,218.38,48.91975
1563562320,218.43,218.12,218.37,218.23,62.38495
1563562380,218.32,218.12,218.12,218.29,49.67296
1563562440,218.32,218.02,218.25,218.08,242.97625
1563562500,218.07,217.91,218.03,217.92,124.27662
1563562560,218.33,217.91,217.91,218.22,760.96282
1563562620,218.29,218.12,218.21,218.15,42.26845
1563562680,218.3,218.12,218.14,218.12,54.76246
1563562740,218.24,218.12,218.12,218.18,59.10553
1563562800,218.16,217.93,218.16,218.02,125.58836
1563562860,218.63,217.65,217.99,218.47,1044.59421
1563562920,218.79,218.29,218.42,218.7,268.41771
1563562980,218.69,218.31,218.66,218.41,208.11546
1563563040,218.46,218.19,218.38,218.3,55.21687
1563563100,218.41,218.14,218.33,218.31,65.66053
1563563160,218.34,218.07,218.25,218.09,42.27628
1563563220,218.24,217.98,218.19,218.01,54.24952
1563563280,218.13,217.83,217.99,218.04,79.80563
1563563340,218.12,217.81,218.03,217.97,99.72641
1563563400,218.16,217.69,217.84,217.86,608.46747
1563563460,218.13,217.69,217.86,218.08,75.35504
1563563520,218.46,218.09,218.12,218.43,79.86731
1563563580,218.45,218.24,218.4,218.37,34.11555
1563563640,218.44,218.12,218.29,218.3,47.04607
1563563700,218.37,218.17,218.28,218.31,67.08185
1563563760,218.44,218.23,218.28,218.31,110.80488
1563563820,218.43,218.24,218.36,218.43,38.86851
1563563880,218.6,218.26,218.42,218.52,55.21358
1563563940,218.59,218.25,218.56,218.58,89.70674
1563564000,218.61,218.49,218.53,218.56,114.06696
1563564060,218.6,218.36,218.56,218.5,41.2075
1563564120,218.78,218.46,218.58,218.6,81.78557
1563564180,218.78,218.56,218.61,218.76,34.50933
1563564240,218.77,218.6,218.64,218.72,43.44624
1563564300,218.74,218.46,218.73,218.48,47.24658
1563564360,218.65,218.2,218.48,218.2,66.69685
1563564420,218.57,218.21,218.24,218.54,84.04025
1563564480,218.79,218.52,218.55,218.74,72.25969
1563564540,218.83,218.62,218.64,218.64,43.38811
1563564600,218.68,218.5,218.68,218.57,41.31827
1563564660,218.64,218.51,218.6,218.57,37.67285
1563564720,218.75,218.51,218.52,218.73,48.97597
1563564780,218.74,218.28,218.73,218.56,104.64627
1563564840,218.55,218.16,218.55,218.21,81.33532
1563564900,218.55,218.17,218.27,218.34,120.37585
1563564960,218.65,218.3,218.33,218.58,64.03114
1563565020,218.84,218.53,218.63,218.62,85.2933
1563565080,218.79,218.5,218.6,218.6,34.8285
1563565140,218.73,218.37,218.63,218.37,29.80396
1563565200,218.45,218.26,218.37,218.36,50.82769
1563565260,218.58,218.34,218.34,218.47,39.41477
1563565320,218.44,218.31,218.44,218.33,33.75842
1563565380,218.58,218.32,218.32,218.35,48.0225
1563565440,218.34,218.06,218.34,218.17,82.74157
1563565500,218.33,218.09,218.17,218.19,63.77574
1563565560,218.42,218.09,218.14,218.41,132.70754
1563565620,218.39,218.24,218.34,218.33,32.11707
1563565680,218.74,218.3,218.35,218.54,202.78995
1563565740,218.76,218.54,218.62,218.69,39.7867
1563565800,218.7,218.45,218.7,218.47,50.16482
1563565860,218.57,218.37,218.42,218.52,43.28405
1563565920,218.61,218.39,218.55,218.45,57.66211
1563565980,218.46,218.23,218.41,218.29,143.12444
1563566040,218.46,218.24,218.39,218.31,106.69304
1563566100,218.36,218.21,218.35,218.34,46.52408
1563566160,218.42,218.28,218.28,218.31,28.47198
1563566220,218.44,218.2,218.37,218.2,86.52249
1563566280,218.26,218,218.26,218.25,183.83598
1563566340,218.54,218.14,218.25,218.51,368.03494
1563566400,219.39,218.48,218.48,219.11,319.7446
1563566460,219.31,218.91,219.12,218.95,171.75168
1563566520,218.99,218.67,218.99,218.83,77.29893
1563566580,219.12,218.77,218.89,218.94,37.81701
1563566640,218.89,218.62,218.86,218.67,40.40406
1563566700,218.89,218.49,218.68,218.52,80.8605
1563566760,218.72,218.45,218.51,218.65,38.14942
1563566820,218.84,218.46,218.6,218.75,52.3483
1563566880,218.92,218.65,218.75,218.8,41.83241
1563566940,218.86,218.62,218.75,218.62,29.03501
1563567000,218.8,218.6,218.67,218.7,36.33741
1563567060,218.72,218.48,218.72,218.56,23.81262
1563567120,218.76,218.51,218.51,218.76,38.52354
1563567180,218.8,218.62,218.66,218.73,33.75619
1563567240,218.97,218.76,218.78,218.97,80.86732
1563567300,219.03,218.79,218.99,218.87,84.64334
1563567360,218.98,218.77,218.97,218.8,60.28767
1563567420,219.02,218.82,218.82,218.99,26.28456
1563567480,218.98,218.38,218.98,218.41,349.52412
1563567540,218.71,218.39,218.47,218.56,51.21653
1563567600,218.71,218.55,218.62,218.63,31.8777
1563567660,218.65,218.41,218.53,218.48,78.28827
1563567720,218.68,218.46,218.5,218.67,53.80135
1563567780,218.9,218.53,218.67,218.6,127.78527
1563567840,218.69,218.52,218.55,218.66,51.5871
1563567900,218.72,218.42,218.71,218.59,70.83152
1563567960,219.33,218.65,218.65,219,153.74268
1563568020,219.2,219,219.09,219.14,184.35081
1563568080,219.17,218.78,219.17,219.08,743.50662
1563568140,219.43,219.06,219.06,219.4,76.00391
1563568200,220.5,219.41,219.41,219.71,979.29852
1563568260,220.15,219.34,219.81,219.58,525.5918
1563568320,220.04,219.69,219.72,219.78,83.13992
1563568380,220.09,219.72,219.91,219.72,132.99906
1563568440,220.1,219.68,219.71,219.79,74.55156
1563568500,220.09,219.65,219.81,220.06,79.82114
1563568560,220.19,219.69,220.04,220.14,159.69037
1563568620,220.13,219.77,220.04,219.83,63.34001
1563568680,219.78,219.3,219.73,219.53,118.67169
1563568740,219.78,219.56,219.7,219.75,32.28936
1563568800,219.89,219.67,219.72,219.87,49.29676
1563568860,219.86,219.69,219.83,219.83,69.67674
1563568920,219.78,219.6,219.74,219.69,47.28712
1563568980,219.69,219.6,219.68,219.6,33.46029
1563569040,219.83,219.53,219.53,219.74,59.42354
1563569100,219.74,219.32,219.73,219.42,88.46635
1563569160,219.57,219.32,219.45,219.38,49.95901
1563569220,219.7,219.39,219.48,219.57,194.72416
1563569280,219.61,219.33,219.49,219.49,78.77496
1563569340,219.5,219.3,219.35,219.43,46.19846
1563569400,219.48,219.27,219.43,219.27,189.93815
1563569460,219.55,219.26,219.44,219.38,50.27162
1563569520,219.43,219.23,219.38,219.28,36.62915
1563569580,219.82,219.23,219.23,219.73,79.40608
1563569640,219.82,219.54,219.79,219.77,41.15559
1563569700,219.83,219.67,219.67,219.82,89.57994
1563569760,219.83,219.68,219.82,219.78,52.13108
1563569820,219.82,219.71,219.78,219.82,44.25031
1563569880,219.9,219.77,219.8,219.88,48.94256
1563569940,220.11,219.85,219.87,220.03,70.74125
1563570000,220.38,219.96,219.96,220.33,198.68535
1563570060,220.54,220.2,220.32,220.28,308.98757
1563570120,220.42,220.04,220.33,220.28,111.4274
1563570180,220.64,220.27,220.38,220.61,126.11489
1563570240,220.77,220.5,220.61,220.59,240.3714
1563570300,220.66,220.32,220.6,220.37,194.37999
1563570360,220.51,220.32,220.43,220.5,58.50374
1563570420,220.5,220.33,220.5,220.4,45.91187
1563570480,220.4,220.14,220.4,220.14,195.48796
1563570540,220.16,220.01,220.16,220.12,51.38681
1563570600,220.29,220.01,220.02,220.19,48.62267
1563570660,220.23,219.95,220.18,220.09,79.20419
1563570720,220.16,219.95,220.09,220.05,95.35277
1563570780,220.2,220,220.02,220.12,57.5644
1563570840,220.2,220.03,220.09,220.18,34.91777
1563570900,220.14,219.57,220.14,219.76,427.21043
1563570960,219.8,219.56,219.8,219.64,51.99802
1563571020,219.68,219.36,219.63,219.61,140.89733
1563571080,219.95,219.49,219.59,219.88,256.13014
1563571140,219.99,219.79,219.81,219.93,87.50121
1563571200,220,219.8,219.93,219.95,68.09685
1563571260,219.98,219.71,219.98,219.71,69.99332
1563571320,219.74,219.45,219.74,219.59,57.28304
1563571380,219.77,219.46,219.59,219.7,79.71944
1563571440,219.83,219.56,219.67,219.73,57.46409
1563571500,219.84,219.72,219.83,219.83,29.61157
1563571560,219.88,219.68,219.77,219.81,44.49726
1563571620,219.96,219.71,219.87,219.93,120.98383
1563571680,219.96,219.79,219.85,219.84,21.56888
1563571740,219.89,219.73,219.77,219.81,52.81317
1563571800,219.95,219.73,219.87,219.83,147.2564
1563571860,219.95,219.81,219.84,219.9,36.58882
1563571920,219.89,219.82,219.89,219.83,17.72366
1563571980,219.95,219.82,219.83,219.85,36.07818
1563572040,220.22,219.88,219.91,220.12,40.7196
1563572100,220.46,220.09,220.16,220.37,112.2235
1563572160,220.55,220.4,220.45,220.51,77.11101
1563572220,220.54,220.41,220.46,220.49,139.62796
1563572280,220.62,220.44,220.44,220.58,112.68685
1563572340,220.61,220.49,220.56,220.6,30.30067
1563572400,220.63,220.49,220.6,220.49,54.93679
1563572460,220.61,220.49,220.53,220.6,27.74115
1563572520,220.66,220.5,220.5,220.62,36.85866
1563572580,220.75,220.61,220.64,220.72,50.30117
1563572640,220.81,220.64,220.71,220.65,50.83334
1563572700,220.79,220.61,220.73,220.64,34.35354
1563572760,220.7,220.52,220.67,220.59,37.50755
1563572820,220.69,220.51,220.59,220.53,43.24027
1563572880,220.61,220.51,220.53,220.57,42.2846
1563572940,220.76,220.57,220.58,220.66,50.09491
1563573000,220.7,220.56,220.69,220.56,38.30736
1563573060,220.8,220.57,220.67,220.8,21.44899
1563573120,220.8,220.62,220.73,220.64,60.87956
1563573180,220.9,220.67,220.67,220.87,46.53463
1563573240,220.89,220.75,220.75,220.83,46.69181
1563573300,220.84,220.74,220.8,220.82,53.12779
1563573360,220.95,220.76,220.79,220.93,72.80519
1563573420,220.95,220.84,220.93,220.89,43.41767
1563573480,220.99,220.87,220.88,220.95,68.46925
1563573540,221.07,220.91,220.97,221.07,193.32252
1563573600,222.15,220.97,220.97,221.57,711.09083
1563573660,222.07,221.53,221.64,221.96,113.52154
1563573720,222.01,221.7,222.01,221.84,89.90171
1563573780,221.95,221.6,221.84,221.8,75.3464
1563573840,222.05,221.75,221.93,221.87,103.1848
1563573900,221.99,221.71,221.86,221.78,624.03715
1563573960,221.92,221.71,221.85,221.79,100.94495
1563574020,221.85,221.55,221.8,221.59,181.43387
1563574080,221.67,221.37,221.6,221.48,90.19139
1563574140,221.6,221.47,221.48,221.47,25.27159
1563574200,221.58,221.36,221.49,221.48,29.40968
1563574260,221.54,221.34,221.48,221.34,57.36087
1563574320,221.65,221.32,221.35,221.32,92.283
1563574380,221.34,221.21,221.32,221.21,33.0842
1563574440,221.24,220.94,221.21,221.05,149.84591
1563574500,221.08,220.89,221.05,220.94,82.13985
1563574560,221.21,220.92,220.99,221.06,32.34396
1563574620,221.22,221,221.14,221.15,84.48219
1563574680,221.24,220.9,221.16,221.08,240.55961
1563574740,221.07,220.89,221.07,220.93,72.59246
1563574800,220.98,220.74,220.89,220.87,80.85099
1563574860,220.86,220.54,220.78,220.75,146.22934
1563574920,220.85,220.65,220.73,220.79,102.70386
1563574980,220.92,220.75,220.82,220.88,38.03843
1563575040,221.07,220.79,220.79,220.95,42.37225
1563575100,221.14,220.94,221,221.09,40.94632
1563575160,221.14,220.94,221.08,221.11,38.09268
1563575220,221.12,220.96,221.03,221.01,38.17548
1563575280,221.1,220.85,221.1,220.93,66.09954
1563575340,221.05,220.89,221,221.01,32.45859
1563575400,220.96,220.8,220.94,220.84,139.43502
1563575460,220.9,220.53,220.87,220.55,120.47014
1563575520,220.6,220.2,220.54,220.22,125.32892
1563575580,220.55,220.2,220.26,220.39,90.30711
1563575640,220.5,219.83,220.41,220.29,189.32664
1563575700,220.32,219.97,220.31,219.97,43.61993
1563575760,220.4,219.95,220.08,220.31,77.82011
1563575820,220.47,220.13,220.24,220.22,68.32148
1563575880,220.24,220.03,220.24,220.08,24.73097
1563575940,220.06,219.7,220.06,219.84,92.71048
1563576000,219.91,219.32,219.87,219.47,294.0721
1563576060,219.76,219.32,219.55,219.65,135.68273
1563576120,219.85,219.51,219.7,219.7,49.26961
1563576180,219.92,219.6,219.71,219.8,21.219
1563576240,219.9,219.69,219.81,219.7,30.89321
1563576300,219.81,219.66,219.69,219.75,34.17116
1563576360,219.88,219.6,219.73,219.67,33.81524
1563576420,219.71,219.21,219.71,219.46,100.5809
1563576480,219.96,219.25,219.47,219.75,775.40108
1563576540,219.89,219.51,219.61,219.73,75.68207
1563576600,219.75,219.53,219.75,219.58,38.77474
1563576660,219.58,219.44,219.57,219.44,33.24353
1563576720,219.58,219.41,219.44,219.58,47.80862
1563576780,219.75,219.48,219.56,219.7,45.00361
1563576840,220.09,219.71,219.71,219.9,39.42463
1563576900,220.04,219.75,220,219.85,61.30063
1563576960,219.95,219.61,219.87,219.65,59.54757
1563577020,219.77,219.48,219.65,219.62,63.63537
1563577080,219.73,219.44,219.61,219.66,35.90861
1563577140,219.87,219.64,219.67,219.79,36.25941
1563577200,220.62,219.74,219.74,220.55,391.71084
1563577260,221.34,220.5,220.56,220.86,454.58269
1563577320,220.94,220.31,220.82,220.31,70.05203
1563577380,220.58,220.26,220.31,220.29,116.47094
1563577440,220.38,220.19,220.26,220.19,27.27947
1563577500,220.37,220.2,220.2,220.35,40.30929
1563577560,220.62,220.34,220.43,220.47,69.07087
1563577620,220.87,220.47,220.47,220.8,215.6932
1563577680,220.69,220.41,220.65,220.41,68.2879
1563577740,220.52,220.25,220.45,220.29,43.6824
1563577800,220.39,220.22,220.26,220.27,48.70731
1563577860,220.46,220.23,220.28,220.42,47.60833
1563577920,220.55,220.35,220.35,220.47,47.91243
1563577980,220.68,220.48,220.48,220.67,58.22332
1563578040,220.95,220.6,220.67,220.74,52.48837
1563578100,220.88,220.72,220.86,220.79,76.39622
1563578160,221.05,220.77,220.86,221.04,141.56107
1563578220,221.12,220.94,221.04,221.04,166.98382
1563578280,221.11,220.87,221,221.09,51.45706
1563578340,221.11,220.93,221.08,220.96,75.72799
1563578400,220.92,220.63,220.92,220.69,57.69793
1563578460,220.88,220.69,220.7,220.78,28.08175
1563578520,220.87,220.73,220.86,220.79,27.53935
1563578580,220.88,220.73,220.73,220.85,22.36441
1563578640,221,220.79,220.81,220.96,46.88536
1563578700,221,220.55,220.97,220.81,243.40438
1563578760,220.83,220.76,220.77,220.83,41.32563
1563578820,220.84,220.72,220.8,220.79,34.95029
1563578880,220.99,220.7,220.79,220.93,33.56509
1563578940,220.97,220.85,220.85,220.94,52.59715
1563579000,220.97,220.35,220.95,220.45,222.02219
1563579060,220.6,220.35,220.6,220.42,127.13536
1563579120,220.5,220.26,220.42,220.32,64.53143
1563579180,220.35,220.23,220.31,220.27,52.66642
1563579240,220.29,220.16,220.27,220.2,51.69651
1563579300,220.34,220.18,220.18,220.28,139.0405
1563579360,220.28,220.21,220.28,220.24,47.64192
1563579420,220.3,220.23,220.25,220.29,36.30996
1563579480,220.41,220.2,220.23,220.33,72.58324
1563579540,220.5,220.34,220.34,220.46,38.23057
1563579600,220.51,220.39,220.39,220.44,38.46205
1563579660,220.55,220.36,220.44,220.39,95.69379
1563579720,220.55,220.19,220.37,220.27,123.88746
1563579780,220.37,220,220.23,220,47.41892
1563579840,220.15,219.85,220,219.95,95.424
1563579900,219.98,219.85,219.94,219.93,40.00369
1563579960,220.47,219.94,219.94,220.47,754.78686
1563580020,220.56,220.39,220.46,220.48,54.94635
1563580080,220.54,220.18,220.48,220.19,184.41874
1563580140,220.31,220.2,220.27,220.28,52.29525
1563580200,220.62,220.2,220.23,220.57,95.12095
1563580260,220.67,220.5,220.6,220.67,51.50457
1563580320,220.78,220.32,220.67,220.36,201.5447
1563580380,220.53,220.33,220.39,220.39,83.0348
1563580440,220.55,220.35,220.39,220.43,23.298
1563580500,220.63,220.4,220.43,220.61,34.95498
1563580560,220.68,220.45,220.57,220.62,30.36984
1563580620,220.86,220.61,220.66,220.83,52.32374
1563580680,220.94,220.71,220.83,220.75,45.24772
1563580740,220.84,220.69,220.77,220.73,72.90327
1563580800,221.55,220.72,220.84,221.4,621.50594
1563580860,223,221.52,221.52,222.99,1912.09769
1563580920,223,222.33,222.92,222.47,890.78247
1563580980,222.86,222.48,222.5,222.52,115.71498
1563581040,222.88,222.46,222.54,222.55,192.74583
1563581100,222.64,222.29,222.55,222.4,112.85475
1563581160,222.47,221.97,222.4,222.07,106.06901
1563581220,222.28,222.12,222.13,222.17,57.2461
1563581280,222.23,221.97,222.19,222.04,145.33571
1563581340,222.12,221.82,222.05,221.95,65.87813
1563581400,222.07,221.85,222.07,221.99,58.52844
1563581460,222.03,221.89,221.99,221.95,51.66687
1563581520,222.07,221.89,221.95,221.9,61.6552
1563581580,222.07,221.89,221.98,222.07,58.40535
1563581640,222.07,221.89,222.06,221.97,45.32068
1563581700,222.09,221.83,221.95,221.97,66.12673
1563581760,222.1,221.86,222.02,222.07,119.8703
1563581820,222.37,221.98,222.08,222.33,248.28726
1563581880,222.5,222.29,222.3,222.46,52.11171
1563581940,222.57,222.4,222.41,222.55,79.95924
1563582000,222.9,222.52,222.57,222.67,140.69366
1563582060,222.87,222.5,222.67,222.62,181.88686
1563582120,222.9,222.6,222.6,222.81,149.41321
1563582180,222.88,222.58,222.86,222.59,103.59811
1563582240,222.68,222.43,222.65,222.6,202.29526
1563582300,222.57,222.05,222.57,222.05,125.03606
1563582360,222.15,221.72,222.12,221.72,151.70481
1563582420,221.85,221.65,221.72,221.8,145.56149
1563582480,221.98,221.76,221.77,221.96,73.96469
1563582540,221.96,221.79,221.88,221.9,99.59842
1563582600,222.28,221.89,221.9,222.26,152.29923
1563582660,222.34,222.17,222.18,222.3,90.57546
1563582720,222.42,222.21,222.31,222.31,45.05167
1563582780,222.4,222.23,222.28,222.34,64.87064
1563582840,222.4,222.24,222.35,222.39,114.30592
1563582900,222.84,222.4,222.4,222.81,135.16208
1563582960,222.91,222.69,222.81,222.84,269.1437
1563583020,222.92,222.65,222.78,222.67,64.07113
1563583080,222.79,222.54,222.65,222.61,44.11067
1563583140,222.65,222.53,222.65,222.59,64.41175
1563583200,222.66,222.47,222.53,222.53,45.19503
1563583260,222.66,222.45,222.63,222.64,78.10842
1563583320,222.77,222.45,222.63,222.71,86.26721
1563583380,223.65,222.66,222.72,223.52,977.69337
1563583440,223.63,221.98,223.52,222.63,932.62579
1563583500,222.99,221.92,222.63,222.28,503.75054
1563583560,222.4,221.52,222.14,221.73,291.37189
1563583620,221.91,221.55,221.83,221.57,256.10978
1563583680,221.66,221.3,221.56,221.5,749.36217
1563583740,221.82,221.42,221.53,221.71,91.58042
1563583800,221.79,221.59,221.75,221.69,47.739
1563583860,221.86,221.62,221.66,221.63,78.38981
1563583920,221.71,221.23,221.58,221.37,173.27664
1563583980,221.38,220.47,221.37,220.99,1049.13892
1563584040,221.21,220.98,221,221.19,101.16353
1563584100,221.29,220.84,221.14,220.92,138.15803
1563584160,221.23,220.71,220.91,221.01,145.08141
1563584220,221.11,220.8,221.01,221.06,112.005
1563584280,221.29,221,221.02,221.2,117.97766
1563584340,221.35,221,221.19,221.19,90.42958
1563584400,221.37,221.04,221.05,221.26,66.69888
1563584460,221.43,221.2,221.33,221.22,55.55532
1563584520,221.66,221.21,221.22,221.6,81.77837
1563584580,221.59,221.39,221.56,221.53,87.13043
1563584640,221.69,221.36,221.54,221.36,108.92408
1563584700,221.62,221.41,221.47,221.42,109.34311
1563584760,221.51,221.4,221.46,221.44,121.83083
1563584820,221.46,221.13,221.44,221.13,57.51013
1563584880,221.42,221.18,221.21,221.33,100.39082
1563584940,221.33,221.24,221.32,221.3,112.52495
1563585000,221.4,221.24,221.35,221.3,115.39263
1563585060,221.39,221.21,221.29,221.25,112.89453
1563585120,221.28,220.81,221.23,220.88,256.69519
1563585180,221.04,220.77,220.87,220.91,113.44631
1563585240,220.91,219.78,220.91,220.61,828.8096
1563585300,220.76,220.26,220.71,220.67,861.62651
1563585360,220.65,220.21,220.44,220.43,95.79479
1563585420,221,220.21,220.52,220.86,358.91593
1563585480,221.01,220.77,220.88,220.94,63.14144
1563585540,220.96,220.75,220.9,220.79,68.88953
1563585600,221.1,220.81,220.82,221.09,102.14148
1563585660,221.09,220.71,221.09,220.95,165.08255
1563585720,221.26,220.82,220.95,221.14,272.29608
1563585780,221.26,221.05,221.18,221.17,122.19931
1563585840,221.16,220.81,221.12,220.96,105.14998
1563585900,221.15,220.83,220.96,221.13,64.95242
1563585960,221.2,220.98,221.01,221.06,90.80625
1563586020,221.39,220.98,221.06,221.12,337.15852
1563586080,221.23,220.99,221.12,221.13,74.76031
1563586140,221.31,221.1,221.2,221.24,123.27572
1563586200,221.5,221.1,221.17,221.38,494.06744
1563586260,221.44,221.19,221.44,221.41,175.85834
1563586320,221.51,220.91,221.41,220.99,177.37376
1563586380,221.23,220.8,221,221.23,189.17026
1563586440,221.32,220.98,221.23,221.12,71.4739
1563586500,221.25,220.95,221.14,221.25,112.41332
1563586560,221.33,221.01,221.25,221.07,120.83362
1563586620,221.09,220.86,221.01,220.93,163.94068
1563586680,221.02,220.81,220.82,221,52.41042
1563586740,221.13,220.9,220.95,221.06,94.15839
1563586800,221.12,220.8,221.05,220.91,91.63718
1563586860,220.98,220.79,220.96,220.87,120.64075
1563586920,220.93,220.75,220.87,220.88,114.42342
1563586980,220.9,220.7,220.88,220.72,83.11613
1563587040,220.81,220.7,220.75,220.77,137.6306
1563587100,220.78,220.61,220.76,220.67,173.10182
1563587160,220.7,220.59,220.68,220.6,110.34373
1563587220,220.69,220.59,220.59,220.59,76.60275
1563587280,220.71,220.52,220.59,220.6,497.2369
1563587340,220.68,220.51,220.6,220.56,78.88134
1563587400,220.64,220.42,220.64,220.52,81.01286
1563587460,220.63,220.33,220.52,220.55,166.0778
1563587520,220.71,220.52,220.55,220.68,92.25501
1563587580,220.71,220.61,220.62,220.7,49.50944
1563587640,220.71,220.58,220.69,220.64,62.29591
1563587700,220.76,220.57,220.64,220.74,69.0919
1563587760,220.77,220.61,220.74,220.63,125.28475
1563587820,220.75,220.61,220.72,220.63,49.35373
1563587880,220.86,220.65,220.72,220.83,63.45107
1563587940,220.86,220.68,220.79,220.76,88.42265
1563588000,220.91,220.73,220.75,220.86,156.15356
1563588060,221,220.83,220.86,221,482.92871
1563588120,221.33,220.99,221,221.18,275.49932
1563588180,221.36,221.02,221.17,221.34,86.69521
1563588240,221.33,221.08,221.32,221.18,119.11826
1563588300,221.35,221.12,221.23,221.28,73.80595
1563588360,221.38,221.2,221.35,221.27,76.23731
1563588420,221.52,221.1,221.35,221.19,194.10016
1563588480,221.37,221.15,221.29,221.3,74.08656
1563588540,221.38,221.14,221.36,221.31,100.60366
1563588600,221.5,221.24,221.28,221.39,88.42976
1563588660,221.49,221.32,221.33,221.45,88.19072
1563588720,221.6,221.37,221.45,221.59,66.97916
1563588780,221.79,221.52,221.59,221.72,137.23166
1563588840,221.88,221.64,221.71,221.87,124.07992
1563588900,222.13,221.82,221.87,222.04,232.43933
1563588960,222.28,222.03,222.05,222.18,186.40241
1563589020,222.44,222.04,222.2,222.12,253.38671
1563589080,222.17,221.76,222.1,222.04,246.18927
1563589140,222.06,221.8,222.04,221.91,128.28369
1563589200,222.02,221.88,221.91,221.95,72.60079
1563589260,221.99,221.81,221.89,221.88,98.34704
1563589320,222.09,221.87,221.92,221.91,133.67784
1563589380,222.14,221.9,221.98,222.1,83.73445
1563589440,222.17,221.98,222.08,222.08,65.22812
1563589500,222.17,221.9,222.03,222.05,109.86031
1563589560,222.16,222.02,222.16,222.09,57.20241
1563589620,222.11,221.93,222.05,222.11,160.45696
1563589680,222.17,222.02,222.11,222.16,49.64118
1563589740,222.18,222.02,222.12,222.05,56.10225
1563589800,222.32,222.06,222.06,222.23,77.77486
1563589860,222.54,222.19,222.24,222.48,144.16975
1563589920,222.67,222.48,222.53,222.52,113.223
1563589980,222.71,222.52,222.53,222.61,84.10639
1563590040,222.65,222.38,222.65,222.46,86.56974
1563590100,222.58,222.39,222.45,222.58,79.41003
1563590160,222.67,222.5,222.63,222.51,107.39077
1563590220,222.65,222.34,222.56,222.59,165.44584
1563590280,222.58,222.3,222.52,222.44,150.43217
1563590340,222.5,222.22,222.43,222.33,103.65805
1563590400,222.59,222.27,222.34,222.49,69.28637
1563590460,222.5,222.23,222.48,222.47,100.8643
1563590520,222.46,222.21,222.46,222.39,80.81381
1563590580,222.63,222.26,222.48,222.63,175.93762
1563590640,224.55,222.66,222.66,223.76,2332.67711
1563590700,224.67,223.58,223.58,224.59,695.57308
1563590760,224.9,224.29,224.65,224.74,438.57077
1563590820,224.73,224.15,224.73,224.26,158.09923
1563590880,224.49,224.19,224.37,224.31,116.82659
1563590940,224.76,224.24,224.28,224.76,223.90921
1563591000,225.38,224.59,224.59,225.38,1245.38401
1563591060,225.99,225.05,225.38,225.39,694.65161
1563591120,225.8,225.37,225.55,225.8,187.07038
1563591180,225.87,225.42,225.74,225.58,672.25297
1563591240,225.85,225.13,225.49,225.53,243.76722
1563591300,225.52,225.1,225.52,225.35,178.989
1563591360,225.35,225.08,225.27,225.17,123.64631
1563591420,225.17,224.54,225.17,224.79,290.31533
1563591480,224.96,224.75,224.88,224.93,143.80028
1563591540,225,224.88,224.93,225,80.24911
1563591600,226.78,224.92,224.96,226.17,1098.40359
1563591660,226.81,226.03,226.18,226.57,570.81978
1563591720,226.89,226.5,226.57,226.89,503.1945
1563591780,226.89,226.39,226.89,226.66,776.54891
1563591840,227.14,226.53,226.82,227.14,924.69331
1563591900,227.33,226.78,227.14,226.82,270.29959
1563591960,227.9,226.77,226.83,227.87,814.86442
1563592020,227.92,227.4,227.87,227.7,677.90865
1563592080,228,227.51,227.71,227.96,644.8826
1563592140,228.5,227.96,227.96,228.39,1467.34588
1563592200,228.46,227.27,228.4,227.4,615.61931
1563592260,227.57,226.5,227.43,226.69,632.21002
1563592320,227.12,226.5,226.59,227,312.30663
1563592380,227.27,226.83,227.09,227.17,1598.52481
1563592440,227.27,226.98,227.21,227.17,100.50479
1563592500,227.38,227.05,227.16,227.38,208.07516
1563592560,228,227.3,227.3,228,355.46724
1563592620,228.34,227.89,228,228.06,479.29329
1563592680,228.21,227.89,228.17,228.07,1118.57899
1563592740,228.11,227.67,228.07,227.79,1233.83757
1563592800,227.84,227.62,227.79,227.67,622.51902
1563592860,227.82,227.62,227.68,227.65,238.76417
1563592920,227.81,227.61,227.65,227.66,1328.64548
1563592980,227.66,227.43,227.53,227.44,986.15617
1563593040,227.44,226.8,227.44,226.93,485.97165
1563593100,226.93,226.5,226.93,226.5,273.28692
1563593160,226.65,226.14,226.5,226.38,531.99903
1563593220,226.61,226.17,226.38,226.61,197.56047
1563593280,226.81,226.43,226.44,226.8,243.10797
1563593340,226.92,226.8,226.8,226.86,161.78553
1563593400,226.98,226.8,226.87,226.81,221.48751
1563593460,227.44,226.81,226.81,227.41,128.03561
1563593520,227.64,227.3,227.41,227.49,150.00697
1563593580,227.64,227.32,227.5,227.35,90.7476
1563593640,227.45,227.16,227.31,227.31,244.7418
1563593700,227.74,227.31,227.33,227.74,202.53134
1563593760,227.76,227.56,227.76,227.64,96.60131
1563593820,227.93,227.61,227.63,227.89,115.40818
1563593880,228.32,227.86,227.9,228.04,355.71256
1563593940,228.33,228.04,228.18,228.04,341.49516
1563594000,228.08,227.64,228.04,227.7,157.37333
1563594060,227.82,227.32,227.69,227.5,242.48102
1563594120,227.54,227.29,227.48,227.51,160.63859
1563594180,227.48,227.24,227.48,227.39,131.15026
1563594240,227.4,227.01,227.3,227.22,528.14839
1563594300,227.22,226.86,227.22,226.98,382.58822
1563594360,227,226.65,227,226.76,230.40101
1563594420,226.84,226.66,226.78,226.76,70.46962
1563594480,226.8,226.69,226.76,226.79,68.66716
1563594540,226.96,226.79,226.8,226.9,110.39639
1563594600,226.91,226.74,226.9,226.74,120.52352
1563594660,226.89,226.72,226.78,226.78,151.30017
1563594720,226.81,226.56,226.81,226.6,180.38271
1563594780,226.69,226.42,226.53,226.47,114.80142
1563594840,226.63,226.39,226.45,226.62,353.95006
1563594900,226.63,226.48,226.61,226.58,101.36285
1563594960,226.53,226.22,226.53,226.23,167.30161
1563595020,226.53,226.21,226.27,226.38,266.47801
1563595080,226.52,226.35,226.38,226.46,124.81138
1563595140,226.73,226.4,226.41,226.63,181.07029
1563595200,227.46,226.58,226.58,227.33,493.38069
1563595260,227.96,227.34,227.4,227.74,609.74424
1563595320,228,227.73,227.8,227.9,448.52111
1563595380,227.89,227.33,227.85,227.33,292.08771
1563595440,227.72,227.31,227.31,227.64,157.20199
1563595500,227.74,227.48,227.6,227.57,135.11007
1563595560,227.54,227.33,227.48,227.41,124.0186
1563595620,227.54,227.38,227.4,227.45,94.4909
1563595680,227.48,227.32,227.41,227.34,98.76824
1563595740,227.32,227.13,227.32,227.17,101.52645
1563595800,227.32,227.15,227.16,227.18,124.41191
1563595860,227.18,226.78,227.14,226.88,797.57804
1563595920,226.86,226.24,226.86,226.32,442.25783
1563595980,226.89,226.35,226.38,226.57,214.37488
1563596040,226.76,226.54,226.54,226.67,119.47259
1563596100,226.73,226.02,226.73,226.23,467.35756
1563596160,226.31,225.88,226.13,226.11,307.2145
1563596220,226.11,225.83,226.05,226.03,157.91043
1563596280,226.5,226,226.01,226.4,319.10554
1563596340,226.64,226.32,226.5,226.64,125.18496
1563596400,226.64,226.36,226.6,226.36,92.92022
1563596460,226.46,226.23,226.38,226.46,82.11025
1563596520,226.79,226.39,226.44,226.78,143.17884
1563596580,226.78,226.64,226.77,226.78,131.22805
1563596640,226.77,226.55,226.7,226.62,74.25917
1563596700,226.61,226.5,226.61,226.53,62.15776
1563596760,226.74,226.46,226.46,226.63,114.42486
1563596820,226.73,226.46,226.67,226.63,96.95405
1563596880,226.71,226.49,226.65,226.61,82.75448
1563596940,226.59,226.37,226.59,226.49,84.6172
1563597000,226.51,226.27,226.51,226.37,102.28947
1563597060,226.42,226.22,226.37,226.41,476.25568
1563597120,227.99,226.29,226.42,227.28,1842.79153
1563597180,228,227.3,227.3,227.78,1264.29286
1563597240,227.83,227.13,227.67,227.2,294.80222
1563597300,227.45,226.86,227.19,227.37,460.78822
1563597360,228.18,227.26,227.32,227.52,528.49947
1563597420,227.67,227.02,227.55,227.5,490.899
1563597480,227.87,227.12,227.33,227.84,386.52103
1563597540,227.81,227.59,227.7,227.7,61.47818
1563597600,227.65,227.24,227.65,227.36,115.48275
1563597660,227.36,226.91,227.36,226.94,88.53503
1563597720,227.34,226.91,226.93,227.19,121.83554
1563597780,227.3,226.82,227.3,226.84,57.02517
1563597840,227.13,226.74,226.83,226.88,129.78388
1563597900,227.37,226.76,226.89,227.06,514.4843
1563597960,227.19,226.74,227.06,226.87,108.14189
1563598020,226.88,226.6,226.84,226.6,129.96634
1563598080,226.74,226.5,226.65,226.6,210.81986
1563598140,226.77,226.46,226.6,226.66,264.89127
1563598200,226.72,226.45,226.7,226.49,231.79728
1563598260,226.81,226.46,226.52,226.69,152.8477
1563598320,226.8,226.56,226.65,226.56,289.71199
1563598380,226.94,226.58,226.67,226.86,141.19134
1563598440,226.94,226.81,226.89,226.91,171.52156
1563598500,227.18,226.86,226.9,227.13,168.77049
1563598560,227.42,227.14,227.18,227.37,174.07434
1563598620,227.39,227.15,227.39,227.27,181.38094
1563598680,227.49,227.1,227.29,227.46,194.45664
1563598740,227.73,227.41,227.44,227.6,176.20649
1563598800,227.75,227.39,227.56,227.43,251.01689
1563598860,227.59,227.05,227.44,227.26,222.7063
1563598920,227.27,226.93,227.26,227.08,296.19993
1563598980,227.16,226.93,226.98,227.15,114.99623
1563599040,227.26,226.79,227.14,226.82,141.26795
1563599100,226.95,226.68,226.83,226.86,130.08757
1563599160,226.86,226.68,226.82,226.81,191.92787
1563599220,227.5,226.65,226.72,227.26,407.41279
1563599280,227.57,227.25,227.34,227.54,102.1285
1563599340,227.5,227.19,227.5,227.19,126.03871
1563599400,227.28,227.1,227.16,227.11,61.8996
1563599460,227.82,227.1,227.1,227.59,152.01022
1563599520,227.83,227.57,227.59,227.73,77.97869
1563599580,227.79,227.56,227.73,227.63,97.35979
1563599640,227.83,227.59,227.63,227.7,232.34261
1563599700,227.77,227.55,227.73,227.57,72.03722
1563599760,227.61,227.42,227.53,227.47,95.361
1563599820,227.6,227.39,227.42,227.43,81.58769
1563599880,227.44,227.15,227.41,227.25,113.43588
1563599940,227.5,227.21,227.34,227.5,33.68764
1563600000,227.51,227.4,227.49,227.49,121.65568
1563600060,227.67,227.48,227.49,227.62,83.87288
1563600120,227.75,227.46,227.62,227.47,177.0494
1563600180,227.6,227.13,227.46,227.24,131.17485
1563600240,227.44,227.17,227.17,227.23,66.16821
1563600300,227.52,227.22,227.27,227.36,106.45351
1563600360,227.35,227.11,227.34,227.14,92.36929
1563600420,227.44,227.17,227.27,227.3,56.10973
1563600480,227.54,227.24,227.29,227.36,120.82581
1563600540,227.61,227.37,227.45,227.58,62.1247
1563600600,227.67,227.32,227.53,227.47,503.86581
1563600660,227.61,227.24,227.54,227.29,82.83406
1563600720,227.31,227.1,227.3,227.19,81.14018
1563600780,227.26,227.1,227.1,227.23,56.69276
1563600840,227.32,227.12,227.2,227.12,110.8645
1563600900,227.26,227.11,227.16,227.19,56.09264
1563600960,227.34,227.14,227.14,227.34,55.56391
1563601020,227.39,227.18,227.26,227.38,68.81596
1563601080,227.58,227.31,227.38,227.42,68.11529
1563601140,227.44,227.14,227.42,227.18,284.98915
1563601200,227.17,226.72,227.14,226.94,366.92168
1563601260,227.14,226.76,226.94,226.76,123.90834
1563601320,226.89,226.63,226.76,226.7,200.03359
1563601380,226.82,226.68,226.74,226.79,78.00379
1563601440,227.03,226.76,226.76,226.86,108.29064
1563601500,226.98,226.76,226.86,226.82,61.2398
1563601560,226.83,226.19,226.82,226.37,735.16704
1563601620,226.42,225.79,226.37,225.89,386.8388
1563601680,226.34,225.37,225.89,226.07,547.97017
1563601740,226.19,225.31,226.06,225.84,470.04622
1563601800,226.36,225.78,225.84,226.23,140.99112
1563601860,226.35,226.09,226.23,226.18,48.91195
1563601920,226.43,226.08,226.14,226.33,62.18875
1563601980,226.69,226.32,226.34,226.49,143.5149
1563602040,226.69,226.4,226.44,226.63,90.61868
1563602100,226.61,226.3,226.46,226.36,66.40848
1563602160,226.44,226.17,226.42,226.38,66.74813
1563602220,226.37,226.18,226.29,226.18,88.86611
1563602280,226.82,226.19,226.27,226.59,297.90926
1563602340,226.71,226.41,226.66,226.57,66.71716
1563602400,226.98,226.58,226.6,226.86,508.31199
1563602460,226.96,226.73,226.86,226.89,119.14638
1563602520,226.93,226.78,226.89,226.83,62.77637
1563602580,226.96,226.78,226.86,226.89,45.56541
1563602640,226.9,226.57,226.85,226.57,588.48781
1563602700,226.77,226.57,226.77,226.63,290.30673
1563602760,226.82,226.44,226.59,226.72,1157.17389
1563602820,226.81,226.41,226.78,226.44,64.4407
1563602880,226.51,226.34,226.4,226.41,58.79359
1563602940,226.47,226.2,226.47,226.45,119.3133
1563603000,226.5,226.34,226.45,226.47,131.37482
1563603060,226.46,226.27,226.35,226.44,83.07703
1563603120,226.5,226.29,226.32,226.45,122.2122
1563603180,226.5,226.32,226.39,226.38,205.92093
1563603240,226.76,226.35,226.44,226.59,167.5917
1563603300,226.74,226.39,226.59,226.39,518.89555
1563603360,226.55,226.4,226.4,226.46,57.98191
1563603420,226.64,226.46,226.49,226.46,56.04117
1563603480,226.55,226.02,226.55,226.23,1467.77182
1563603540,226.28,226.08,226.2,226.19,58.68947
1563603600,226.37,226.13,226.19,226.36,45.35056
1563603660,226.37,226.12,226.29,226.24,156.61979
1563603720,226.48,226.14,226.23,226.41,89.8602
1563603780,226.47,226.23,226.46,226.43,87.56759
1563603840,226.61,226.42,226.44,226.56,84.86522
1563603900,226.74,226.54,226.56,226.7,60.57767
1563603960,226.94,226.61,226.7,226.93,160.0764
1563604020,227,226.78,226.93,226.95,64.59757
1563604080,227.01,226.71,226.95,226.71,275.77559
1563604140,226.99,226.61,226.71,226.91,109.40783
1563604200,227.04,226.85,226.92,226.93,37.78699
1563604260,226.91,226.78,226.89,226.9,48.97737
1563604320,227.1,226.78,226.81,227.1,196.83445
1563604380,227.11,226.95,227.03,226.99,124.13238
1563604440,227.01,226.86,226.97,226.95,41.32802
1563604500,227.17,226.93,227,227.04,183.10092
1563604560,227.13,226.93,227.13,226.94,67.43426
1563604620,227,226.83,226.94,226.95,37.16134
1563604680,227.16,226.87,226.93,227.09,120.14651
1563604740,227.2,227.03,227.07,227.15,57.73717
1563604800,227.15,226.84,227.08,226.98,103.00659
1563604860,227,226.73,226.92,226.83,93.81568
1563604920,226.9,226.6,226.9,226.68,69.48986
1563604980,226.83,226.63,226.79,226.78,91.32357
1563605040,226.81,226.62,226.74,226.74,71.08138
1563605100,226.97,226.7,226.74,226.9,434.57676
1563605160,226.98,226.8,226.89,226.88,61.06882
1563605220,227.01,226.76,226.87,226.81,88.69962
1563605280,226.89,226.67,226.77,226.86,54.21221
1563605340,226.86,226.68,226.77,226.68,71.54695
1563605400,226.85,226.67,226.77,226.71,37.58662
1563605460,226.88,226.58,226.7,226.67,72.55578
1563605520,226.83,226.54,226.67,226.68,80.40713
1563605580,226.71,226.52,226.7,226.64,62.03052
1563605640,226.7,226.51,226.6,226.6,116.7301
1563605700,226.7,226.56,226.6,226.67,158.29658
1563605760,226.83,226.59,226.66,226.8,131.10581
1563605820,226.79,226.58,226.79,226.75,65.07468
1563605880,226.8,226.6,226.75,226.69,48.29967
1563605940,226.79,226.59,226.69,226.62,56.2688
1563606000,226.89,226.6,226.6,226.77,60.87536
1563606060,227.07,226.58,226.87,227.07,404.67964
1563606120,228.11,226.87,227.05,227.49,1499.67151
1563606180,227.77,227.08,227.49,227.47,360.74883
1563606240,227.79,226.92,227.47,227.03,248.09389
1563606300,227.27,226.99,227.05,227.16,96.01618
1563606360,227.24,227.07,227.16,227.24,106.31224
1563606420,227.36,226.96,227.17,226.96,45.4153
1563606480,227.08,226.61,226.9,226.96,180.4621
1563606540,227.18,226.7,226.95,226.98,142.86618
1563606600,227.17,226.92,226.98,227.08,47.32583
1563606660,227.33,227.06,227.08,227.21,67.82831
1563606720,227.38,227.13,227.14,227.27,67.73781
1563606780,227.43,226.93,227.27,227.28,244.25834
1563606840,227.28,226.89,227.28,226.92,347.949
1563606900,227.46,226.98,226.98,227.35,82.53093
1563606960,227.45,227.26,227.33,227.39,73.79788
1563607020,227.45,227.32,227.32,227.34,50.81202
1563607080,227.34,227.18,227.34,227.32,55.40545
1563607140,227.39,227.17,227.28,227.3,105.40457
1563607200,227.4,227.09,227.29,227.29,97.34923
1563607260,227.37,227.2,227.37,227.33,58.97029
1563607320,227.37,227.23,227.33,227.32,82.3159
1563607380,227.37,227.08,227.32,227.11,229.56475
1563607440,227.35,226.12,227.16,226.3,1062.94399
1563607500,226.91,226.12,226.15,226.47,506.14866
1563607560,226.83,226.42,226.48,226.49,165.37186
1563607620,226.6,225.76,226.49,226.35,932.63068
1563607680,226.57,226.25,226.29,226.44,83.93352
1563607740,226.5,226.25,226.41,226.37,200.84669
1563607800,226.48,226.26,226.46,226.37,464.33173
1563607860,226.48,226.16,226.28,226.4,138.11317
1563607920,226.61,226.31,226.41,226.44,157.47626
1563607980,226.61,226.37,226.53,226.37,105.19429
1563608040,226.41,226.05,226.27,226.16,221.85507
1563608100,226.37,226.16,226.18,226.22,51.95984
1563608160,226.42,226.17,226.21,226.28,107.83083
1563608220,226.73,226.2,226.25,226.73,131.2292
1563608280,226.72,226.41,226.57,226.52,133.85036
1563608340,226.63,226.47,226.53,226.49,73.35926
1563608400,226.73,226.54,226.61,226.61,37.62822
1563608460,226.69,226.49,226.61,226.54,90.57596
1563608520,226.73,226.46,226.64,226.54,92.20284
1563608580,226.67,226.23,226.63,226.33,101.39446
1563608640,226.46,226.2,226.36,226.31,40.76663
1563608700,226.45,226.11,226.31,226.23,133.38606
1563608760,226.62,226.14,226.16,226.53,468.93346
1563608820,226.57,226.41,226.5,226.52,42.07227
1563608880,226.6,226.42,226.5,226.52,62.66327
1563608940,226.65,226.41,226.56,226.46,35.08512
1563609000,226.55,226.41,226.41,226.46,21.59942
1563609060,226.55,226.34,226.47,226.34,37.32688
1563609120,226.5,226.23,226.34,226.23,94.48025
1563609180,226.41,226.23,226.27,226.29,38.5485
1563609240,226.37,226.16,226.29,226.16,58.44508
1563609300,226.21,225.93,226.16,225.96,171.11211
1563609360,225.96,225.51,225.96,225.72,411.87567
1563609420,226.11,225.71,225.77,226.04,77.01568
1563609480,226.12,225.76,226.03,225.85,60.82703
1563609540,225.93,225.62,225.79,225.67,42.09162
1563609600,225.78,225.47,225.78,225.59,319.44276
1563609660,225.59,225.46,225.59,225.46,177.38433
1563609720,225.56,225.17,225.52,225.24,280.76534
1563609780,225.5,225.11,225.2,225.38,1316.09227
1563609840,225.5,225.01,225.39,225.02,92.38156
1563609900,225.33,224.73,225.08,225.12,424.75773
1563609960,225.25,225.07,225.07,225.13,66.5449
1563610020,225.2,225,225.17,225.15,107.26601
1563610080,225.24,225.07,225.11,225.23,173.01581
1563610140,225.25,225.1,225.22,225.22,25.81816
1563610200,225.34,225.12,225.22,225.31,59.22609
1563610260,225.38,225.3,225.31,225.36,47.65555
1563610320,225.6,225.26,225.34,225.35,108.03116
1563610380,225.54,225.41,225.47,225.49,115.11355
1563610440,225.48,225.18,225.45,225.23,183.38628
1563610500,225.45,225.16,225.3,225.23,129.76588
1563610560,225.33,225.03,225.33,225.04,163.06704
1563610620,225.34,225.03,225.12,225.08,382.68543
1563610680,225.09,224.81,225.04,224.81,209.872
1563610740,224.9,224.56,224.82,224.57,97.81144
1563610800,224.64,224.02,224.57,224.42,341.90187
1563610860,224.81,224.32,224.5,224.46,353.52371
1563610920,224.92,224.31,224.37,224.92,94.25308
1563610980,224.92,224.7,224.85,224.89,65.61173
1563611040,225,224.83,224.9,224.98,89.12891
1563611100,225,224.83,224.9,224.85,67.84304
1563611160,224.99,224.72,224.86,224.89,103.50909
1563611220,224.9,224.76,224.88,224.81,52.26971
1563611280,224.88,224.66,224.8,224.69,163.35953
1563611340,224.89,224.61,224.74,224.84,66.20683
1563611400,225.09,224.74,224.84,225.08,529.66435
1563611460,225.36,225.01,225.08,225.3,45.77034
1563611520,225.5,225.27,225.35,225.41,155.07848
1563611580,225.5,225.3,225.41,225.37,114.97202
1563611640,225.61,225.37,225.46,225.56,81.5979
1563611700,225.6,225.33,225.51,225.36,982.03559
1563611760,225.49,225.15,225.4,225.15,208.00174
1563611820,225.27,225.06,225.15,225.14,73.49625
1563611880,225.47,225.05,225.17,225.46,84.91879
1563611940,225.5,225.26,225.45,225.48,98.60726
1563612000,225.66,225.43,225.49,225.49,92.21882
1563612060,225.65,225.45,225.48,225.49,67.71976
1563612120,225.7,225.41,225.47,225.68,489.58957
1563612180,225.67,225.41,225.67,225.46,44.55323
1563612240,225.55,225.42,225.47,225.42,123.59957
1563612300,225.43,225.2,225.41,225.26,113.42512
1563612360,225.39,225.12,225.27,225.25,132.08067
1563612420,225.38,225.12,225.25,225.12,52.02225
1563612480,225.27,225.08,225.11,225.2,83.44591
1563612540,225.58,225.19,225.19,225.47,144.61964
1563612600,225.55,225.2,225.54,225.22,49.8966
1563612660,225.32,225.18,225.22,225.26,40.16004
1563612720,225.33,225.17,225.25,225.19,54.93045
1563612780,225.39,225.19,225.24,225.19,88.49343
1563612840,225.3,224.85,225.19,225.05,125.24114
1563612900,225.12,224.93,225.05,225.11,226.45508
1563612960,225.31,224.93,225.01,225.16,77.1333
1563613020,225.32,225.03,225.2,225.05,46.60698
1563613080,225.16,224.98,225.12,225.01,73.25989
1563613140,225.32,225,225.02,225.22,807.16751
1563613200,225.4,225.04,225.21,225.19,510.19283
1563613260,225.37,225.06,225.29,225.2,206.06937
1563613320,225.5,225.22,225.26,225.4,180.72795
1563613380,225.56,225.16,225.31,225.49,135.35471
1563613440,225.6,225.33,225.49,225.52,102.36907
1563613500,225.54,225.39,225.52,225.45,90.16023
1563613560,225.69,225.47,225.47,225.63,58.70331
1563613620,225.66,225.53,225.64,225.61,70.71243
1563613680,225.75,225.55,225.62,225.61,47.60818
1563613740,225.71,225.53,225.63,225.64,51.81481
1563613800,225.7,225.52,225.7,225.56,48.55355
1563613860,225.65,225.49,225.58,225.53,66.47653
1563613920,225.59,225.27,225.54,225.27,190.86166
1563613980,225.3,224.96,225.27,225.16,183.13906
1563614040,225.21,225.03,225.17,225.1,59.02663
1563614100,225.42,225.07,225.07,225.39,65.45023
1563614160,225.56,225.28,225.44,225.47,102.53966
1563614220,225.6,225.45,225.46,225.51,103.81123
1563614280,225.55,225.39,225.53,225.54,111.43709
1563614340,225.7,225.44,225.57,225.65,132.50951
1563614400,225.73,225.48,225.64,225.6,58.6505
1563614460,225.7,225.54,225.58,225.69,40.51358
1563614520,225.85,225.63,225.68,225.8,334.8758
1563614580,225.88,225.71,225.84,225.78,87.25683
1563614640,225.86,225.7,225.73,225.71,42.61989
1563614700,225.79,225.7,225.71,225.78,32.15031
1563614760,225.9,225.7,225.7,225.83,74.52768
1563614820,226.11,225.84,225.84,226.01,85.37142
1563614880,226.35,225.99,226.02,226.12,280.83111
1563614940,226.22,226.05,226.05,226.17,93.30221
1563615000,226.28,226.09,226.18,226.13,66.24519
1563615060,226.52,225.7,226.18,225.83,314.61352
1563615120,225.92,225.66,225.92,225.83,85.37222
1563615180,226.02,225.75,225.83,225.9,81.07785
1563615240,226.03,225.75,225.91,225.76,44.01768
1563615300,225.96,225.75,225.87,225.86,55.03661
1563615360,225.91,225.78,225.78,225.86,36.65709
1563615420,225.91,225.75,225.8,225.86,68.11525
1563615480,226.08,225.75,225.89,226.04,337.48531
1563615540,226.18,225.92,225.97,226.13,35.30235
1563615600,226.18,226.06,226.13,226.13,32.36053
1563615660,226.16,225.9,226.08,225.92,91.55353
1563615720,226.04,225.85,226.04,225.88,42.83068
1563615780,225.99,225.85,225.88,225.94,35.27226
1563615840,225.94,225.68,225.94,225.69,139.00494
1563615900,225.74,225.6,225.68,225.63,31.45167
1563615960,225.7,225.46,225.64,225.54,70.68278
1563616020,225.57,225.04,225.54,225.28,256.73366
1563616080,225.24,224.9,225.22,224.98,164.9295
1563616140,225.01,224.92,224.94,224.92,31.53664
1563616200,225.11,224.9,224.95,225.1,75.53417
1563616260,225.27,225.1,225.1,225.2,23.18031
1563616320,225.37,225.2,225.2,225.37,35.70751
1563616380,225.37,225.27,225.33,225.27,54.67531
1563616440,225.45,225.27,225.27,225.34,52.97007
1563616500,225.41,225.3,225.4,225.33,47.18993
1563616560,225.42,225.32,225.34,225.32,86.93026
1563616620,225.42,225.32,225.36,225.4,51.2053
1563616680,225.47,225.28,225.36,225.32,125.77605
1563616740,225.37,225.18,225.3,225.23,85.71121
1563616800,225.19,225.06,225.19,225.07,104.95738
1563616860,225.07,224.68,225.06,224.7,263.65986
1563616920,224.88,224.55,224.69,224.65,487.1782
1563616980,224.82,224.62,224.71,224.82,26.9187
1563617040,225.06,224.67,224.72,225.05,49.66406
1563617100,225.06,224.88,225.02,224.98,37.05063
1563617160,224.9,224.53,224.9,224.57,83.23355
1563617220,224.78,224.55,224.55,224.71,90.65223
1563617280,224.74,224.2,224.64,224.64,251.45785
1563617340,224.75,224.57,224.63,224.7,41.62584
1563617400,224.9,224.71,224.71,224.87,81.81653
1563617460,225.02,224.76,224.87,225,57.16132
1563617520,225.13,224.87,225,224.99,158.07881
1563617580,225,224.82,224.99,224.85,55.48704
1563617640,225.01,224.82,224.86,224.95,80.24973
1563617700,224.95,224.78,224.95,224.78,142.94987
1563617760,224.83,224.7,224.79,224.72,402.0389
1563617820,224.81,224.62,224.71,224.72,88.94176
1563617880,224.8,224.61,224.71,224.63,78.80466
1563617940,224.81,224.63,224.67,224.8,47.24499
1563618000,225.2,224.8,224.8,225.1,138.93636
1563618060,226.01,225.12,225.12,225.95,332.4729
1563618120,226.2,225.61,225.95,225.71,470.59686
1563618180,225.8,225.39,225.75,225.49,174.19993
1563618240,225.52,225.28,225.52,225.48,139.26319
1563618300,225.62,225.23,225.43,225.24,70.1429
1563618360,225.53,225.23,225.3,225.36,67.09124
1563618420,225.57,225.41,225.42,225.54,184.776
1563618480,225.65,225.4,225.48,225.58,55.52327
1563618540,225.62,225.42,225.59,225.62,46.61839
1563618600,225.68,225.49,225.61,225.58,81.61702
1563618660,225.7,225.48,225.57,225.68,64.46104
1563618720,225.7,225.25,225.67,225.35,77.37042
1563618780,225.38,225.15,225.26,225.27,48.59695
1563618840,225.26,225.12,225.19,225.16,80.85858
1563618900,225.39,225.13,225.15,225.3,109.59518
1563618960,225.48,225.3,225.3,225.4,149.34024
1563619020,225.49,225.35,225.43,225.41,53.18371
1563619080,225.57,225.39,225.48,225.48,206.87296
1563619140,225.6,225.45,225.46,225.55,58.94232
1563619200,225.69,225.16,225.58,225.34,100.50585
1563619260,225.5,225.34,225.34,225.46,62.80161
1563619320,225.51,225.35,225.47,225.48,20.45272
1563619380,225.57,225.39,225.4,225.46,58.92203
1563619440,225.58,225.4,225.49,225.5,48.69346
1563619500,225.59,225.41,225.5,225.57,136.79322
1563619560,225.61,225.48,225.56,225.48,44.27958
1563619620,225.6,225.52,225.58,225.55,74.94266
1563619680,225.69,225.48,225.54,225.6,62.33202
1563619740,225.64,225.5,225.6,225.54,86.94178
1563619800,225.63,225.39,225.52,225.62,332.42138
1563619860,225.75,225.62,225.62,225.74,71.14206
1563619920,226.39,225.69,225.71,226.2,414.82094
1563619980,226.35,226.01,226.2,226.05,93.80252
1563620040,226.18,225.97,226.02,226.04,50.52454
1563620100,226.13,225.86,226.07,225.95,48.34428
1563620160,225.99,225.84,225.94,225.89,26.72906
1563620220,225.89,225.5,225.89,225.51,146.78141
1563620280,225.62,225.46,225.51,225.61,23.92736
1563620340,225.79,225.5,225.59,225.71,42.45555
1563620400,225.84,225.49,225.67,225.62,99.7129
1563620460,225.68,225.42,225.64,225.59,169.2081
1563620520,225.66,225.35,225.63,225.45,173.26949
1563620580,225.46,225.26,225.46,225.31,37.58641
1563620640,225.56,225.29,225.35,225.49,36.51665
1563620700,225.53,225.28,225.48,225.39,74.76217
1563620760,225.4,225.26,225.38,225.39,43.89814
1563620820,225.4,225.31,225.38,225.35,29.38058
1563620880,225.51,225.27,225.33,225.48,98.43814
1563620940,225.57,225.42,225.46,225.53,42.46679
1563621000,225.63,225.46,225.46,225.56,87.10395
1563621060,225.63,225.51,225.59,225.52,38.18658
1563621120,225.6,225,225.47,225.19,211.65658
1563621180,225.35,225.11,225.2,225.12,89.89589
1563621240,225.3,223.75,225.24,223.78,943.52555
1563621300,224.41,223.6,223.78,224.19,1048.68769
1563621360,224.49,224.14,224.27,224.32,139.26521
1563621420,224.33,223.72,224.3,223.82,229.75564
1563621480,223.88,222.55,223.82,223.39,1715.10263
1563621540,223.66,223.02,223.37,223.41,335.96591
1563621600,223.79,223.17,223.37,223.67,152.71403
1563621660,223.67,223.2,223.61,223.42,344.4925
1563621720,223.74,223.49,223.5,223.72,90.61874
1563621780,223.73,223.5,223.71,223.61,93.68139
1563621840,223.77,223.54,223.61,223.7,75.41365
1563621900,223.77,223.33,223.7,223.41,144.23833
1563621960,223.6,223.34,223.41,223.6,91.83513
1563622020,223.77,223.58,223.6,223.73,187.7513
1563622080,223.9,223.69,223.76,223.69,105.82597
1563622140,223.78,223.68,223.76,223.7,45.60889
1563622200,223.85,223.72,223.72,223.79,45.77569
1563622260,223.85,223.47,223.76,223.57,164.93591
1563622320,223.7,223.43,223.56,223.46,118.29886
1563622380,223.55,223.31,223.53,223.37,77.15937
1563622440,223.65,223,223.29,223.64,829.8626
1563622500,223.81,223.54,223.58,223.73,71.83472
1563622560,223.79,223.62,223.78,223.62,80.9701
1563622620,223.89,223.45,223.71,223.87,174.75102
1563622680,224.64,223.76,223.76,223.84,362.62834
1563622740,223.97,223.77,223.9,223.8,77.02897
1563622800,223.89,223.19,223.84,223.81,691.48915
1563622860,223.87,223.66,223.71,223.76,119.81414
1563622920,223.85,223.67,223.78,223.8,78.72428
1563622980,224.15,223.69,223.7,224.12,71.82968
1563623040,224.38,224.02,224.15,224.12,136.62318
1563623100,224.5,224.13,224.13,224.32,392.49815
1563623160,224.49,224.18,224.31,224.47,81.19451
1563623220,224.5,224.28,224.44,224.33,131.12714
1563623280,224.55,224.29,224.32,224.46,91.60744
1563623340,224.67,224.45,224.51,224.57,82.61573
1563623400,224.62,224.35,224.51,224.39,83.74614
1563623460,225.44,224.39,224.39,225.31,332.5898
1563623520,225.5,224.97,225.41,224.97,288.7858
1563623580,225.45,224.98,225.1,225.37,91.4878
1563623640,225.44,225.05,225.4,225.24,137.01166
1563623700,225.2,224.95,225.19,224.96,112.1536
1563623760,225.31,224.95,224.98,225.22,91.81583
1563623820,225.31,224.86,225.21,224.89,85.4522
1563623880,225.17,224.72,224.91,224.94,252.7808
1563623940,225.19,224.91,224.97,225.04,54.16205
1563624000,225.33,224.97,225.04,225.33,72.75308
1563624060,225.63,224.91,225.37,225.01,348.02556
1563624120,225.11,224.6,224.92,224.73,124.6305
1563624180,224.86,224.42,224.72,224.57,96.55645
1563624240,224.58,224.37,224.52,224.53,77.71894
1563624300,224.61,224.32,224.59,224.4,77.25686
1563624360,224.59,224.32,224.38,224.53,62.0066
1563624420,224.66,224.47,224.55,224.49,34.85289
1563624480,224.8,224.48,224.48,224.75,37.96843
1563624540,224.74,224.59,224.7,224.66,33.66057
1563624600,224.65,224.37,224.63,224.56,70.02179
1563624660,224.69,224.29,224.55,224.69,88.96769
1563624720,224.89,224.68,224.73,224.8,202.96149
1563624780,224.9,224.71,224.74,224.74,45.32217
1563624840,224.87,224.59,224.72,224.79,47.08097
1563624900,224.87,224.51,224.79,224.56,61.72903
1563624960,224.7,224.51,224.57,224.59,91.53476
1563625020,224.6,224.34,224.59,224.42,152.28968
1563625080,224.48,224.33,224.38,224.42,61.15802
1563625140,224.8,224.43,224.47,224.64,126.58832
1563625200,224.65,224.44,224.64,224.51,72.25288
1563625260,224.57,224.37,224.47,224.57,318.94917
1563625320,224.56,224.24,224.48,224.35,95.72033
1563625380,224.53,224.26,224.42,224.39,80.1724
1563625440,224.5,224.31,224.37,224.5,62.90818
1563625500,224.68,224.42,224.48,224.66,73.2619
1563625560,224.88,224.6,224.66,224.81,95.16362
1563625620,225.24,224.84,224.84,225.19,109.98336
1563625680,225.39,225.04,225.18,225.35,113.5595
1563625740,225.48,225.21,225.32,225.29,113.12955
1563625800,225.4,225.18,225.29,225.39,77.52192
1563625860,225.39,225.19,225.3,225.3,62.76241
1563625920,225.45,225.3,225.3,225.45,64.36089
1563625980,225.61,225.43,225.44,225.48,145.65918
1563626040,225.53,225.17,225.48,225.29,170.03869
1563626100,225.64,225.24,225.28,225.64,131.61317
1563626160,225.92,225.64,225.65,225.91,213.89271
1563626220,226,225.79,225.89,225.86,165.03333
1563626280,225.99,225.66,225.86,225.87,324.38948
1563626340,225.91,225.69,225.87,225.88,84.67092
1563626400,225.88,225.55,225.88,225.72,117.01958
1563626460,225.81,225.46,225.73,225.53,256.96727
1563626520,225.71,225.26,225.52,225.6,139.62641
1563626580,225.69,225.49,225.62,225.61,54.24784
1563626640,225.68,225.52,225.54,225.62,18.92882
1563626700,225.77,225.53,225.55,225.69,40.01049
1563626760,225.88,225.63,225.7,225.77,48.86968
1563626820,225.85,225.69,225.85,225.82,73.93556
1563626880,225.88,225.56,225.81,225.6,98.55425
1563626940,225.74,225.44,225.57,225.65,124.01959
1563627000,225.74,225.35,225.65,225.54,106.97449
1563627060,225.54,225.28,225.54,225.48,32.84916
1563627120,225.54,225.09,225.42,225.14,110.00296
1563627180,225.33,225.04,225.13,225.18,54.47209
1563627240,225.4,225.11,225.11,225.39,39.74694
1563627300,225.38,225.16,225.35,225.3,54.08186
1563627360,225.3,224.92,225.29,224.95,91.20511
1563627420,225.27,224.87,224.99,225.26,57.94067
1563627480,225.27,225.09,225.21,225.11,99.28519
1563627540,225.24,224.95,225.11,225.09,262.43936
1563627600,225.49,225.05,225.16,225.49,104.71683
1563627660,225.5,225.27,225.47,225.38,88.73562
1563627720,225.5,225.31,225.37,225.48,71.26189
1563627780,225.48,225.29,225.41,225.39,61.56206
1563627840,225.45,225.23,225.34,225.33,38.76354
1563627900,225.32,225.09,225.25,225.21,36.95219
1563627960,225.27,225.08,225.2,225.13,104.08638
1563628020,225.32,225.08,225.08,225.21,59.54511
1563628080,225.39,225.12,225.24,225.37,74.91688
1563628140,225.28,225.1,225.27,225.12,28.14603
1563628200,225.34,225.1,225.11,225.3,53.93021
1563628260,225.46,225.23,225.27,225.46,60.89421
1563628320,225.5,225.39,225.4,225.49,64.93229
1563628380,225.6,225.43,225.48,225.56,72.7443
1563628440,226.15,225.25,225.56,225.89,1100.4731
1563628500,227.07,226.08,226.12,226.61,2384.35602
1563628560,227.42,226.36,226.64,226.99,1197.08508
1563628620,227.43,226.59,226.88,226.65,667.29962
1563628680,226.74,226.08,226.65,226.09,256.97022
1563628740,226.73,226,226.1,226.52,207.81108
1563628800,226.56,226,226.55,226.08,144.4577
1563628860,226.35,225.71,226.08,226.15,597.75126
1563628920,226.31,225.95,226.06,225.97,96.58586
1563628980,226.12,225.72,225.97,225.73,108.82424
1563629040,225.83,225.45,225.82,225.66,320.12715
1563629100,225.72,225.5,225.61,225.72,72.41054
1563629160,225.85,225.6,225.73,225.73,401.19106
1563629220,225.76,224.3,225.67,225.14,1139.88833
1563629280,225.58,224.71,225.15,224.71,723.64794
1563629340,225.5,224.71,224.78,225.29,258.74265
1563629400,225.41,224.75,225.23,224.82,308.99221
1563629460,224.99,224.5,224.74,224.5,172.13421
1563629520,224.65,224.19,224.48,224.24,363.00396
1563629580,224.82,224.23,224.28,224.82,125.66365
1563629640,224.77,224.4,224.61,224.51,192.60446
1563629700,224.8,224.55,224.55,224.8,111.93603
1563629760,224.92,224.68,224.8,224.82,377.44238
1563629820,224.9,224.4,224.84,224.62,240.75208
1563629880,224.65,224,224.62,224.25,453.34681
1563629940,224.39,223.5,224.17,223.92,601.93095
1563630000,224.3,223.81,223.88,224.1,247.89292
1563630060,224.46,223.95,224.07,224.08,316.20717
1563630120,224.55,223.92,224.15,224.55,126.9619
1563630180,224.72,224.34,224.48,224.68,295.86984
1563630240,224.94,224.66,224.69,224.84,97.54996
1563630300,224.89,224.22,224.73,224.38,652.71065
1563630360,224.58,224.28,224.35,224.37,144.23492
1563630420,224.44,224.22,224.38,224.31,120.72161
1563630480,224.37,224.12,224.29,224.28,156.14115
1563630540,224.69,224.25,224.25,224.58,342.52626
1563630600,224.67,224.46,224.58,224.53,95.14928
1563630660,224.96,224.5,224.58,224.72,118.48487
1563630720,224.94,224.5,224.78,224.5,247.67871
1563630780,224.8,224.4,224.51,224.55,223.529
1563630840,224.64,224.4,224.59,224.45,114.41498
1563630900,224.64,224.25,224.44,224.48,151.29967
1563630960,224.67,224.36,224.48,224.58,76.60984
1563631020,224.58,224.41,224.58,224.53,109.21717
1563631080,224.65,224.42,224.53,224.56,79.95227
1563631140,224.66,224.32,224.45,224.64,132.78708
1563631200,224.88,224.56,224.66,224.87,464.00856
1563631260,225.2,224.85,224.88,225.14,212.63609
1563631320,225.67,225.07,225.14,225.57,343.40945
1563631380,225.61,225.21,225.61,225.29,137.88688
1563631440,225.6,225.27,225.3,225.52,121.96376
1563631500,225.61,225.31,225.51,225.31,94.26942
1563631560,225.49,225.31,225.39,225.36,25.594
1563631620,225.38,225.12,225.34,225.19,116.56234
1563631680,225.5,225.2,225.22,225.42,92.49766
1563631740,225.47,225.28,225.4,225.34,72.72495
1563631800,225.5,225.33,225.39,225.4,66.43441
1563631860,225.7,225.33,225.4,225.65,223.15294
1563631920,225.75,225.44,225.61,225.63,143.78715
1563631980,225.64,225.43,225.53,225.52,55.55709
1563632040,225.59,225.39,225.59,225.47,53.91365
1563632100,225.57,225.27,225.45,225.31,122.09532
1563632160,225.43,225.12,225.29,225.12,80.40824
1563632220,225.61,225.14,225.19,225.54,85.63513
1563632280,225.57,225.4,225.5,225.57,63.46839
1563632340,225.76,225.57,225.57,225.68,72.48354
1563632400,225.67,225.37,225.67,225.38,61.7584
1563632460,225.65,225.32,225.36,225.47,84.06989
1563632520,225.74,225.45,225.53,225.67,59.25865
1563632580,226,225.46,225.65,225.53,326.32552
1563632640,225.76,225.53,225.54,225.71,72.86102
1563632700,225.8,225.48,225.66,225.49,98.84631
1563632760,225.71,225.47,225.51,225.56,69.58
1563632820,225.83,225.54,225.55,225.77,52.69757
1563632880,225.83,225.64,225.7,225.72,46.58688
1563632940,225.88,225.66,225.72,225.8,82.59607
1563633000,225.81,225.51,225.81,225.6,87.72695
1563633060,225.72,225.53,225.57,225.61,105.16236
1563633120,225.61,225.4,225.55,225.5,178.51264
1563633180,225.5,225.44,225.48,225.48,80.91989
1563633240,225.62,225.35,225.47,225.62,336.73867
1563633300,225.66,225.51,225.58,225.61,62.13362
1563633360,225.73,225.37,225.59,225.4,190.32157
1563633420,225.49,225.17,225.39,225.26,140.75971
1563633480,225.39,225.2,225.27,225.24,124.64176
1563633540,225.37,225.13,225.18,225.33,141.59883
1563633600,225.33,225.11,225.33,225.2,52.28279
1563633660,225.33,225.12,225.25,225.33,52.54827
1563633720,225.49,225.26,225.26,225.44,49.51357
1563633780,225.49,225.28,225.36,225.35,42.92424
1563633840,225.73,225.23,225.23,225.65,315.57914
1563633900,225.73,225.57,225.65,225.63,97.95763
1563633960,225.86,225.57,225.63,225.73,166.83559
1563634020,225.96,225.68,225.76,225.94,75.76822
1563634080,225.96,225.78,225.87,225.91,56.08276
1563634140,225.94,225.65,225.87,225.93,127.45455
1563634200,226,225.78,225.92,225.95,81.37826
1563634260,225.94,225.83,225.91,225.89,49.67852
1563634320,225.92,225.81,225.84,225.88,91.43781
1563634380,226.07,225.86,225.88,226.07,582.714
1563634440,226.22,226.06,226.07,226.16,89.9918
1563634500,226.34,226.02,226.04,226.33,80.20998
1563634560,226.47,226.21,226.32,226.3,83.30544
1563634620,226.45,226.12,226.29,226.44,94.38869
1563634680,226.53,226.38,226.44,226.44,109.94346
1563634740,226.51,226.24,226.51,226.35,119.14762
1563634800,226.51,226.37,226.45,226.45,54.55812
1563634860,226.47,226.33,226.44,226.44,35.18801
1563634920,226.44,226.25,226.43,226.35,72.48616
1563634980,226.4,226.18,226.27,226.31,133.71762
1563635040,226.41,226.2,226.3,226.38,197.00141
1563635100,226.4,226.22,226.34,226.29,37.12557
1563635160,226.4,226.11,226.29,226.26,66.16604
1563635220,226.39,226.08,226.22,226.13,112.07533
1563635280,226.24,226.1,226.22,226.1,48.85653
1563635340,226.28,226.12,226.12,226.27,28.27743
1563635400,226.4,226.17,226.27,226.4,80.10934
1563635460,226.4,226.15,226.39,226.15,51.80673
1563635520,226.24,226.07,226.14,226.18,61.08889
1563635580,226.23,225.92,226.18,226.06,83.00284
1563635640,226.06,225.91,225.98,225.99,386.98708
1563635700,226.02,225.9,225.97,225.93,84.23356
1563635760,226.17,225.9,225.96,226.07,134.94166
1563635820,226.14,226,226.08,226.05,73.27689
1563635880,226.48,226.04,226.04,226.45,382.3417
1563635940,226.48,226.39,226.44,226.43,52.05602
1563636000,226.54,226.39,226.42,226.51,41.81741
1563636060,226.59,226.45,226.5,226.57,76.1488
1563636120,226.75,226.55,226.55,226.74,91.7796
1563636180,226.9,226.56,226.73,226.6,333.60001
1563636240,226.84,226.56,226.6,226.83,84.15748
1563636300,226.96,226.6,226.82,226.85,152.45584
1563636360,226.98,226.8,226.88,226.98,112.7444
1563636420,227.01,226.88,226.96,226.9,298.94008
1563636480,226.98,226.84,226.95,226.9,168.30494
1563636540,226.95,226.7,226.9,226.74,98.60449
1563636600,226.75,226.48,226.74,226.48,133.76723
1563636660,226.75,226.39,226.48,226.59,357.64807
1563636720,226.74,226.54,226.59,226.73,42.29817
1563636780,226.77,226.68,226.71,226.71,66.22603
1563636840,226.71,226.62,226.7,226.67,32.85146
1563636900,226.92,226.64,226.68,226.91,108.92514
1563636960,227.69,226.78,226.9,227.33,764.32026
1563637020,228.05,227.25,227.25,227.89,778.43186
1563637080,227.9,226.85,227.89,226.98,464.83928
1563637140,227.09,226.66,226.98,226.69,67.40835
1563637200,226.85,226.64,226.66,226.85,141.813
1563637260,226.84,226.51,226.76,226.67,76.86208
1563637320,226.65,226.39,226.53,226.54,144.01709
1563637380,226.73,226.45,226.55,226.5,67.46768
1563637440,226.65,226.49,226.51,226.56,61.96217
1563637500,226.61,226.38,226.51,226.4,174.07241
1563637560,226.49,226.3,226.37,226.44,51.68008
1563637620,226.65,226.39,226.42,226.51,67.13912
1563637680,226.66,226.46,226.52,226.61,43.72058
1563637740,226.72,226.48,226.61,226.64,59.31478
1563637800,227.41,226.63,226.64,227.4,196.26979
1563637860,227.78,227.07,227.39,227.07,390.04674
1563637920,227.33,227.1,227.2,227.19,122.84465
1563637980,227.79,227.17,227.2,227.49,159.84063
1563638040,227.67,227.27,227.39,227.56,105.42733
1563638100,227.75,227.47,227.55,227.56,212.34921
1563638160,227.64,227.44,227.6,227.5,171.86448
1563638220,228,227.51,227.51,227.97,358.57144
1563638280,228.05,227.82,227.99,228.02,1910.46503
1563638340,230.09,228.01,228.03,229.7,5040.25892
