1561305600000,7.4126,7.4,7.4,7.4074,203.75000034
1561305660000,7.41303493,7.4112,7.41182354,7.4112,474.16789858
1561305720000,7.41079852,7.4094,7.4107,7.41079852,104.894
1561305780000,7.41843827,7.4173,7.4173,7.41843827,184.40287048
1561305840000,7.4374,7.4241,7.4241,7.4249,5164.55024353
1561305900000,7.4248,7.4102,7.4248,7.4105,5655.6249618
1561305960000,7.4077,7.3748,7.4066,7.3748,1336.23741885
1561306020000,7.3838,7.3502,7.3838,7.3504,1856.35783938
1561306080000,7.35024816,7.3258,7.35024816,7.33429479,7729.34806072
1561306140000,7.34715413,7.33476071,7.3471,7.33476071,55.7485
1561306200000,7.3799,7.3405,7.3405,7.372,4545.547036
1561306260000,7.363,7.35386334,7.363,7.3543,7364.68023808
1561306320000,7.36,7.3513,7.3566,7.3531,25201
1561306380000,7.3654,7.3607,7.3607,7.3654,13.64540296
1561306440000,7.3654,7.3554,7.3654,7.3581,2251.85446857
1561306500000,7.3641,7.34994963,7.35,7.35050874,2421.04324446
1561306620000,7.3456,7.33606528,7.34156311,7.345,5523.59766436
1561306680000,7.3678,7.3558202,7.3558202,7.3678,170
1561306800000,7.3492,7.3448,7.34682949,7.3489,689.95
1561306860000,7.3658,7.3657,7.3658,7.3657,382.03869249
1561306920000,7.3549,7.3549,7.3549,7.3549,3.5277
1561306980000,7.3658,7.3585,7.3601,7.3658,8043.24574108
1561307040000,7.3659,7.3622,7.3659,7.3622,132.17909485
1561307100000,7.3606,7.3523,7.3523,7.3603,1843.3796
1561307160000,7.3647,7.3582,7.3647,7.3617,342.02430001
1561307220000,7.3717,7.3668,7.368,7.3717,1435.82379287
1561307280000,7.3809,7.3701,7.3701,7.3809,1706
1561307340000,7.375,7.3713,7.375,7.3713,1590.31109346
1561307400000,7.3754,7.3725,7.3725,7.3754,115
1561307460000,7.378,7.378,7.378,7.378,3.743
1561307520000,7.3759,7.3759,7.3759,7.3759,689.69659336
1561307580000,7.3793,7.3793,7.3793,7.3793,30
1561307640000,7.3721,7.3721,7.3721,7.3721,2.17422981
1561307700000,7.3835,7.375,7.3825,7.3835,535.08365981
1561307760000,7.3803,7.3803,7.3803,7.3803,20
1561307880000,7.3736,7.3697,7.3736,7.3697,50
1561307940000,7.3685,7.3606,7.3657,7.3685,639.57296542
1561308000000,7.3802,7.3704,7.3704,7.3802,5000
1561308060000,7.3615,7.3612,7.3615,7.3612,300
1561308120000,7.3717,7.3717,7.3717,7.3717,180
1561308240000,7.3668,7.3668,7.3668,7.3668,100
1561308300000,7.3715,7.3684,7.3684,7.3715,3.03775363
1561308420000,7.3658,7.3658,7.3658,7.3658,22.375
1561308480000,7.3654,7.3601,7.3601,7.3654,1286
1561308540000,7.3625,7.3567,7.3567,7.3625,708
1561308600000,7.3742,7.36346126,7.36346126,7.3742,458.54113665
1561308720000,7.3706,7.3706,7.3706,7.3706,5
1561308780000,7.3641,7.36327489,7.3641,7.3633,329
1561308840000,7.3643,7.3643,7.3643,7.3643,168
1561308900000,7.3734,7.3676,7.3705,7.3693,382.64575256
1561308960000,7.3727,7.3699,7.3699,7.3723,178
1561309020000,7.3646,7.3636,7.3636,7.3646,150
1561309140000,7.3657,7.3657,7.3657,7.3657,500
1561309200000,7.3704,7.3638,7.3638,7.3704,572.9252946
1561309260000,7.3712,7.3706,7.3712,7.3706,61.451
1561309320000,7.3711,7.3706,7.3706,7.3711,47.27975658
1561309380000,7.3724,7.3617,7.3724,7.3677,2092.71527672
1561309440000,7.3657,7.3652,7.3652,7.3657,38.5
1561309500000,7.3555,7.3522,7.3555,7.3522,249.96279527
1561309560000,7.3589,7.3501,7.3501,7.3589,330.64479472
1561309620000,7.3599,7.3558,7.3589,7.3558,540.89457081
1561309680000,7.351,7.3394,7.351,7.3394,250.421875
1561309740000,7.3401,7.3373,7.3373,7.3401,453.01544083
1561309800000,7.3562,7.3541,7.3556,7.3543,1675
1561309860000,7.366,7.3556,7.3556,7.366,70
1561310100000,7.3741,7.3741,7.3741,7.3741,201.55
1561310280000,7.3671,7.3671,7.3671,7.3671,768.1368065
1561310400000,7.3599,7.3564,7.3599,7.3564,8.12422738
1561310520000,7.3774,7.3774,7.3774,7.3774,25.0988
1561310580000,7.3812,7.3782,7.3812,7.3782,8.066
1561310700000,7.3877,7.3874,7.3877,7.3874,275
1561310820000,7.3808,7.3808,7.3808,7.3808,24
1561310940000,7.3776,7.3686,7.3776,7.375,4147.76394722
1561311000000,7.3794,7.3702,7.375,7.3764,71.97767387
1561311060000,7.3808,7.38,7.38,7.3808,140.79558018
1561311120000,7.3774,7.3764,7.3774,7.3764,80.526
1561311180000,7.3682,7.3682,7.3682,7.3682,40.8554538
1561311300000,7.3722,7.3636,7.3722,7.368,695.53853375
1561311360000,7.368,7.368,7.368,7.368,40.85484096
1561311540000,7.3806,7.3737,7.3737,7.3806,86.62352156
1561311660000,7.372,7.372,7.372,7.372,240.82838833
1561311720000,7.3805,7.3792,7.3805,7.3792,139.6892
1561311780000,7.3821,7.3815,7.3815,7.3821,2.7063
1561311840000,7.3826,7.3826,7.3826,7.3826,0.7083
1561311900000,7.3775,7.3701,7.3775,7.3701,110.51
1561312080000,7.3684,7.3647,7.3667,7.3684,4.1443
1561312140000,7.3746,7.3649,7.3649,7.3746,269.43530005
1561312320000,7.371,7.371,7.371,7.371,18.2043
1561312440000,7.371,7.366,7.3669,7.371,2425.02777916
1561312500000,7.3669,7.3659,7.3669,7.3659,50
1561312680000,7.3683,7.3683,7.3683,7.3683,10
1561312800000,7.3685,7.3685,7.3685,7.3685,300
1561312980000,7.367,7.3663,7.367,7.3663,401.25435316
1561313100000,7.3504,7.3501,7.3501,7.3504,133.82372516
1561313160000,7.3571,7.3571,7.3571,7.3571,19.46638343
1561313220000,7.357,7.357,7.357,7.357,24.95346273
1561313280000,7.357,7.3488,7.357,7.3488,826.49253727
1561313340000,7.3538,7.3488,7.3488,7.3538,1176.17847352
1561313400000,7.3531,7.3531,7.3531,7.3531,40.93973151
1561313460000,7.3624,7.355,7.355,7.3623,718.37237112
1561313580000,7.3529,7.35,7.3529,7.3506,1543.99633388
1561313640000,7.3488,7.3488,7.3488,7.3488,392.36034586
1561313700000,7.3639,7.3579,7.3588,7.3639,183.46657624
1561313820000,7.3631,7.3616,7.3631,7.3616,42.752
1561313880000,7.36,7.3592,7.36,7.3592,815.26862821
1561314000000,7.3589,7.3569,7.3589,7.3569,669.21265471
1561314060000,7.3627,7.3627,7.3627,7.3627,275
1561314120000,7.3705,7.3557,7.3705,7.3577,953.99864531
1561314300000,7.368,7.368,7.368,7.368,248.81321534
1561314360000,7.3633,7.3633,7.3633,7.3633,26
1561314420000,7.3737,7.3615,7.3715,7.3661,4097.20997881
1561314480000,7.378,7.3704,7.3704,7.378,2514.78493482
1561314600000,7.3787,7.3783,7.3787,7.3783,51.89397452
1561314660000,7.3825,7.3752,7.3784,7.3815,1300.24428203
1561314720000,7.3832,7.3701,7.3806,7.3832,5438.14530229
1561314780000,7.3839,7.3839,7.3839,7.3839,100
1561314840000,7.3886,7.385,7.385,7.3886,845.54698798
1561314900000,7.3884,7.3883,7.3884,7.3883,14.30114264
1561314960000,7.4033,7.3899,7.3899,7.4033,564.45776332
1561315020000,7.4079,7.4054,7.4062,7.4079,358.51731025
1561315080000,7.4021,7.4021,7.4021,7.4021,4.41692569
1561315140000,7.4192,7.4138,7.4138,7.4192,90.61539265
1561315200000,7.42,7.42,7.42,7.42,23.64725144
1561315260000,7.42,7.4163,7.42,7.4183,1182.5
1561315380000,7.4309,7.42,7.42,7.4243,3677.28411482
1561315440000,7.4282,7.4223,7.4223,7.4282,2000
1561315500000,7.4263,7.4105,7.4263,7.4105,528.31113777
1561315620000,7.4152,7.4131,7.4149,7.4131,504.701
1561315800000,7.4054,7.3808,7.4054,7.3891,2512.52010448
1561315860000,7.3992,7.3976,7.3992,7.3976,200
1561315920000,7.4023,7.4023,7.4023,7.4023,25.99999999
1561315980000,7.4048,7.4048,7.4048,7.4048,24
1561316040000,7.4042,7.4042,7.4042,7.4042,80
1561316100000,7.4074,7.3992,7.4021,7.4058,2547.36841744
1561316220000,7.4256,7.4224,7.4224,7.4255,748.82237304
1561316280000,7.42,7.42,7.42,7.42,10
1561316340000,7.4228,7.4219,7.4219,7.4228,1652.97493577
1561316400000,7.43,7.4262,7.4276,7.4282,1322.16527878
1561316460000,7.4364,7.4282,7.4282,7.43560088,2587.06497562
1561316520000,7.4451,7.4318,7.4357,7.444,5751.15475166
1561316580000,7.4452,7.4301,7.4429,7.4336,1468.34701863
1561316640000,7.4292,7.4258,7.4292,7.4272,2081.0873873
1561316700000,7.4334,7.4291,7.4291,7.4334,207.1919901
1561316760000,7.4392,7.4392,7.4392,7.4392,40.48067028
1561316820000,7.4375,7.4355,7.4355,7.4375,71.45752294
1561316880000,7.4366,7.4294,7.4336,7.4345,760
1561316940000,7.4454,7.4346,7.4369,7.4448,1346.83694327
1561317000000,7.44532435,7.4306,7.44532435,7.4306,66.54474789
1561317060000,7.4465,7.439,7.44,7.4395,3911.75272409
1561317120000,7.4445,7.436,7.4391,7.436,7463.97768111
1561317180000,7.4463,7.4373,7.4373,7.4387,259.71964337
1561317240000,7.4373,7.4373,7.4373,7.4373,18
1561317300000,7.4495,7.4373,7.4373,7.4485,7111.8608618
1561317360000,7.4544,7.4401,7.4499,7.4401,7395.18637358
1561317420000,7.4477,7.43,7.4392,7.4398,14370.18704178
1561317480000,7.4562,7.4418,7.442,7.4497,3802.48518893
1561317540000,7.4481,7.431,7.4468,7.4481,3031.40379785
1561317600000,7.444,7.4394,7.444,7.4394,13.56821991
1561317660000,7.4394,7.42,7.4394,7.42,6741.55187388
1561317720000,7.4343,7.41,7.4174,7.4343,1696.27595689
1561317780000,7.4383,7.4262,7.4363,7.4264,751.57567072
1561317840000,7.4203,7.4109,7.418,7.4194,2956.59861595
1561317900000,7.421,7.4153,7.4153,7.421,61.32366031
1561317960000,7.43,7.4276,7.4276,7.4279,90
1561318140000,7.43,7.43,7.43,7.43,403.69780996
1561318200000,7.4243,7.4232,7.4232,7.4233,7.11373754
1561318260000,7.4256,7.4161,7.4256,7.4161,2827.21704848
1561318320000,7.4256,7.4081,7.4134,7.4256,4133.82379085
1561318500000,7.4139,7.4139,7.4139,7.4139,1.3744011
1561318620000,7.4261,7.4184,7.4184,7.4196,2593.38205477
1561318680000,7.426,7.426,7.426,7.426,200
1561318740000,7.4259,7.4259,7.4259,7.4259,207.4770414
1561318800000,7.4213,7.414,7.4156,7.4153,894.53049448
1561318860000,7.4217,7.4166,7.4166,7.4217,1196.46589746
1561318980000,7.4222,7.4212,7.4222,7.4212,250.59085683
1561319100000,7.4242,7.4202,7.4202,7.4242,617.97371174
1561319160000,7.4345,7.4255,7.4255,7.4345,2444.84356412
1561319220000,7.4395,7.4358,7.4358,7.4395,878.53603497
1561319280000,7.4464,7.4409,7.4409,7.4436,815.18202139
1561319340000,7.4463,7.4406,7.445,7.4438,35.6356757
1561319400000,7.4478,7.4408,7.4475,7.4439,123.1811426
1561319460000,7.4531,7.4478,7.4478,7.4497,138.83277874
1561319580000,7.4487,7.4481,7.4487,7.4481,5.70469251
1561319640000,7.4496,7.4485,7.4496,7.4485,824
1561319700000,7.45799731,7.4512,7.4534,7.45799731,2180
1561319760000,7.464,7.4529,7.4529,7.4632,2218.71750295
1561319880000,7.4562,7.4548,7.4562,7.4559,196
1561319940000,7.463,7.4566,7.4566,7.463,648.08870133
1561320000000,7.4697,7.4525,7.4628,7.4648,7054.14164862
1561320060000,7.4638,7.4539,7.4638,7.4566,221.90339799
1561320120000,7.4555,7.4519,7.4555,7.4519,102.5
1561320180000,7.4488,7.4429,7.4488,7.4429,1303.71926347
1561320240000,7.4512,7.443,7.4452,7.4506,2314.49691489
1561320300000,7.4507,7.447,7.4507,7.447,335.62102017
1561320360000,7.4619,7.4518,7.4518,7.4619,601.5
1561320420000,7.4894,7.4559,7.4641,7.462,9042.68022686
1561320480000,7.4713,7.4574,7.4672,7.4693,1483.88345409
1561320540000,7.4798,7.4736,7.4746,7.4798,508.4675
1561320600000,7.4813,7.4527,7.4813,7.4527,2230.97060963
1561320660000,7.4591,7.4483,7.4591,7.4533,5614.33624868
1561320720000,7.4533,7.4479,7.4533,7.4479,1069.28608017
1561320780000,7.4458,7.42392594,7.44568214,7.42392594,330.63966012
1561320840000,7.4307,7.4113,7.424,7.4291,15385.11136699
1561320900000,7.4404,7.42560307,7.4291,7.4404,2443.31745777
1561320960000,7.433057,7.43,7.433057,7.43,151.83226979
1561321020000,7.4299,7.4299,7.4299,7.4299,4.701
1561321080000,7.4374,7.4303,7.4345,7.434,1933.04495823
1561321140000,7.4448,7.441,7.441,7.4448,1505.35337736
1561321200000,7.4461,7.4419,7.4419,7.4461,904.88193649
1561321260000,7.4542,7.4461,7.4461,7.4542,1302.08554923
1561321320000,7.457,7.4545,7.4545,7.457,2020.40242042
1561321440000,7.4582,7.4582,7.4582,7.4582,80
1561321500000,7.4606,7.4582,7.4582,7.4606,588.20195221
1561321560000,7.4618,7.457,7.4618,7.4583,2139.77997477
1561321620000,7.457,7.457,7.457,7.457,1149.190978
1561321680000,7.4517,7.4517,7.4517,7.4517,150
1561321740000,7.4562,7.4462,7.45,7.4462,5004.83773408
1561321800000,7.4551,7.4461,7.4541,7.4461,84.59675571
1561321860000,7.4539,7.4515,7.4539,7.4515,116.38450683
1561321920000,7.4483,7.4461,7.4462,7.4471,1142.77251397
1561321980000,7.4471,7.431,7.4471,7.431,4808.3851325
1561322040000,7.4493,7.4304,7.4304,7.4389,1029.18739674
1561322100000,7.4423,7.4405,7.4412,7.4414,455.59059058
1561322160000,7.4415,7.4414,7.4415,7.4414,53.604
1561322340000,7.449,7.449,7.449,7.449,40.43724256
1561322400000,7.447,7.4434,7.447,7.4441,31.61737576
1561322520000,7.4515,7.4515,7.4515,7.4515,40.42281711
1561322580000,7.4486,7.4478,7.4486,7.4478,80.88223698
1561322700000,7.4584,7.4559,7.4559,7.4583,4.30583741
1561322760000,7.4597,7.4596,7.4597,7.4596,105.74882179
1561322820000,7.4596,7.4596,7.4596,7.4596,82.176955
1561322880000,7.4612,7.4571,7.4571,7.4612,400
1561322940000,7.4691,7.463,7.4652,7.463,3428.8196107
1561323000000,7.456,7.4496,7.456,7.4496,1930.93704375
1561323060000,7.4445,7.4445,7.4445,7.4445,50
1561323120000,7.4512,7.4462,7.4462,7.4512,383.10170748
1561323240000,7.4445,7.4398,7.4445,7.4398,218.64
1561323300000,7.4418,7.441,7.4418,7.441,456.7
1561323360000,7.4409,7.4409,7.4409,7.4409,3
1561323420000,7.4409,7.4409,7.4409,7.4409,1.998
1561323480000,7.4563,7.4563,7.4563,7.4563,27.5960988
1561323540000,7.4595,7.453,7.4595,7.453,304.80365862
1561323600000,7.4633,7.4614,7.4614,7.4633,31.34722904
1561323660000,7.4634,7.4633,7.4634,7.4634,472.20369354
1561323720000,7.4697,7.4695,7.4695,7.4697,14.6337599
1561323780000,7.48,7.4765,7.4765,7.48,552.32837465
1561323840000,7.4797,7.4765,7.4797,7.4765,280.01718056
1561323900000,7.4851,7.4783,7.4786,7.4851,2154.50393503
1561323960000,7.49,7.4878,7.4878,7.49,887.73106027
1561324020000,7.486,7.486,7.486,7.486,1
1561324080000,7.4882,7.4864,7.4864,7.4882,13.22
1561324200000,7.4899,7.4889,7.4889,7.4899,1622.56620717
1561324260000,7.4899,7.4899,7.4899,7.4899,7.22974323
1561324320000,7.49,7.49,7.49,7.49,4586.42983318
1561324380000,7.4924,7.49,7.4902,7.49,29030.50269415
1561324500000,7.49543607,7.4926,7.4926,7.4954,109.83495477
1561324560000,7.4955,7.49543607,7.49543607,7.4955,448.53326642
1561324620000,7.4986,7.49543607,7.49543607,7.4986,377.36779187
1561324680000,7.5,7.4987,7.4987,7.5,4932.90812555
1561324740000,7.5052,7.49990868,7.49990868,7.5052,1326.81776891
1561324800000,7.5052,7.5052,7.5052,7.5052,1.57452548
1561324860000,7.5069,7.5053,7.5053,7.5069,5
1561324920000,7.51,7.507,7.507,7.51,3945.46963341
1561324980000,7.5199,7.5099,7.51,7.5199,6106.78846659
1561325040000,7.5192,7.5192,7.5192,7.5192,100
1561325100000,7.5238,7.52,7.52,7.5238,5767.2
1561325160000,7.528,7.5238,7.5238,7.5259,450.09035019
1561325220000,7.5267,7.5127,7.5267,7.5127,1703.33799026
1561325280000,7.5238,7.5157,7.5157,7.52,1694.43157119
1561325340000,7.5281,7.52,7.52,7.5281,329.0978896
1561325400000,7.5281,7.5281,7.5281,7.5281,255.5210142
1561325460000,7.5299,7.5299,7.5299,7.5299,0.92747616
1561325520000,7.54,7.53,7.53,7.54,11066.54025065
1561325580000,7.54,7.5399,7.5399,7.5399,1531.89737117
1561325640000,7.58,7.54,7.54,7.5562,54187.16416026
1561325700000,7.5597,7.5574,7.5597,7.5574,337.58564475
1561325760000,7.5595,7.5487,7.5595,7.5487,2029.33821073
1561325820000,7.5517,7.5398,7.5486,7.5517,5877.74240357
1561325880000,7.56,7.5574,7.5574,7.56,53.5832107
1561325940000,7.5619,7.528,7.5619,7.528,6688.14438842
1561326000000,7.5246,7.4972,7.5246,7.4997,3703.90623276
1561326060000,7.4958,7.4172,7.4958,7.4172,27903.01753705
1561326120000,7.4276,7.3911,7.4171,7.4158,15692.32607527
1561326180000,7.4811,7.423,7.423,7.4391,15444.99209251
1561326240000,7.4631,7.4424,7.4424,7.4631,1063.1106137
1561326300000,7.4575,7.42,7.4575,7.42793453,10190.12004409
1561326360000,7.4597,7.4201,7.424,7.4591,5181.90180238
1561326420000,7.4433,7.4112,7.441,7.4433,4796.73043964
1561326480000,7.4445,7.4114,7.4114,7.4422,3239.9699594
1561326540000,7.4456,7.4237,7.4406,7.4413,3070.9799987
1561326600000,7.4523,7.429,7.4329,7.4424,924.69804497
1561326660000,7.4466,7.4402,7.4402,7.4466,2.51166721
1561326720000,7.4433,7.4281,7.4433,7.4418,3377.19541199
1561326780000,7.4478,7.433,7.4331,7.4369,11107.36918587
1561326840000,7.45110972,7.4389,7.4493,7.4392,3458.28686235
1561326900000,7.4535,7.4401,7.4401,7.4535,1488.76934298
1561326960000,7.4559,7.4418,7.4453,7.4559,2022.63392476
1561327020000,7.4558,7.4459,7.4472,7.4531,167.12732047
1561327080000,7.4502,7.4173,7.4502,7.436,11849.64090282
1561327140000,7.43853913,7.426,7.4373,7.4283,3513.08489154
1561327200000,7.4638,7.4395644,7.4395644,7.46,3045.61184766
1561327260000,7.4605,7.4481,7.4481,7.4549,1378.40683189
1561327320000,7.455,7.4444,7.455,7.4539,3550.73676408
1561327380000,7.4525,7.4426,7.4426,7.4521,1972.74057785
1561327440000,7.4604,7.4442,7.451,7.4582,3064.96324162
1561327500000,7.4576,7.4471,7.4564,7.4547,887.02237063
1561327560000,7.4615,7.4546,7.4547,7.4615,1355.6718274
1561327620000,7.4626,7.4558,7.4626,7.4592,134.91640401
1561327740000,7.4576,7.4548,7.4548,7.4576,324
1561327800000,7.4596,7.4576,7.4576,7.4596,503.18932041
1561327860000,7.4692,7.4586,7.4603,7.4603,1309.52842141
1561327920000,7.4641,7.4573,7.4613,7.4617,435.29791063
1561327980000,7.4648,7.4636,7.464,7.4636,747.06194477
1561328040000,7.4568,7.446,7.4547,7.4568,764.83569353
1561328100000,7.4604,7.4604,7.4604,7.4604,157.47241202
1561328160000,7.45,7.4408,7.4482,7.4408,241.70134731
1561328220000,7.4361,7.4338,7.4338,7.4359,755.20234998
1561328280000,7.4275,7.4036,7.4257,7.4275,2145.17326102
1561328340000,7.4396,7.4192,7.4275,7.4296,2786.1945614
1561328400000,7.4289,7.4248,7.4258,7.4249,800.37418145
1561328460000,7.4032,7.3939,7.4032,7.3939,1920.49306761
1561328520000,7.39,7.3681,7.39,7.372,4063.39840615
1561328580000,7.4096,7.3832,7.3901,7.4093,7662.31558834
1561328640000,7.4042,7.3896,7.3896,7.4042,1713.91897337
1561328700000,7.3985,7.3893,7.3985,7.3893,509.06378761
1561328760000,7.3912,7.3767,7.3893,7.3837,5785.19382675
1561328820000,7.3733,7.3506,7.3684,7.357,12964.62128778
1561328880000,7.391,7.3686,7.3686,7.3799,2570.908
1561328940000,7.3843,7.3744,7.3824,7.3843,334.30855187
1561329000000,7.39,7.3792,7.3888,7.3797,1337.8544598
1561329060000,7.3796,7.3621,7.3695,7.3687,5703.65817685
1561329120000,7.378,7.3662,7.378,7.3663,939.19158752
1561329180000,7.3695,7.36682268,7.369,7.3695,2266.31755112
1561329240000,7.3832,7.3817,7.3823,7.3817,855.51154028
1561329300000,7.3807,7.3806,7.3806,7.3807,575.20549507
1561329360000,7.3771,7.3717,7.3771,7.3717,234.87908366
1561329420000,7.3614,7.3537,7.36,7.3614,2030.52517735
1561329540000,7.3688,7.3623,7.3623,7.3688,2120.13612571
1561329600000,7.3734,7.359,7.37,7.359,3281.23131195
1561329660000,7.3676,7.3451,7.3676,7.3451,14174.11016982
1561329720000,7.351,7.3319,7.351,7.3378,4074.73387554
1561329780000,7.332,7.3221,7.3319,7.331,19783.62842544
1561329840000,7.3513,7.3362,7.3362,7.3513,502.51
1561329900000,7.368,7.3561,7.3561,7.368,1171.13474006
1561329960000,7.3804,7.368,7.368,7.38,4367.68387038
1561330020000,7.3801,7.3801,7.3801,7.3801,618.4196039
1561330080000,7.3769,7.3769,7.3769,7.3769,181.581
1561330140000,7.3733,7.3692,7.3733,7.3692,1035.13518705
1561330200000,7.3751,7.3723,7.3728,7.3723,1250
1561330260000,7.3797,7.3727,7.3796,7.3797,2081.7779946
1561330320000,7.3864,7.38,7.3804,7.386,5890.35372753
1561330380000,7.394,7.3841,7.3841,7.393,5064.92556857
1561330440000,7.3956,7.3913,7.3913,7.3944,810.139
1561330500000,7.3954,7.3947,7.3947,7.3954,373.02923397
1561330560000,7.3928,7.389,7.389,7.3928,344.34774421
1561330620000,7.3887,7.3851,7.3887,7.3851,207.46286398
1561330680000,7.3815,7.3732,7.38142011,7.379,2574.38401822
1561330740000,7.379,7.37769419,7.37769419,7.3788,848.16616717
1561330860000,7.3623,7.3607,7.3623,7.3607,171.8353406
1561330920000,7.3628,7.351,7.3628,7.351,523.2888619
1561330980000,7.3413,7.3334,7.3412,7.3337,329.05717852
1561331040000,7.3292,7.28319991,7.3292,7.2832,26615.20345878
1561331100000,7.2853,7.2515,7.28524934,7.2553,26242.77567054
1561331160000,7.2704,7.2518,7.2528,7.2703,30324.45872469
1561331220000,7.2747,7.2695,7.2718349,7.2728,3649.83675909
1561331280000,7.307,7.2667,7.27444327,7.3055,3434.59606475
1561331340000,7.31263714,7.3036,7.3096,7.3122,2163.52093264
1561331400000,7.31422079,7.31,7.31,7.31,4528.67774555
1561331460000,7.31,7.2986,7.31,7.2986,1465.42370674
1561331520000,7.3034,7.2991,7.2991,7.3023,900
1561331640000,7.2876,7.28,7.2876,7.28,429.80177131
1561331700000,7.2811,7.2708,7.2724,7.2803,2647.39673116
1561331760000,7.2783,7.2783,7.2783,7.2783,50
1561331820000,7.2834,7.2755,7.2755,7.283,1353.38472648
1561331880000,7.29,7.29,7.29,7.29,300
1561331940000,7.2948,7.2908,7.2937,7.2941,1860
1561332000000,7.3048,7.2963,7.2963,7.3048,1060
1561332060000,7.3052,7.3052,7.3052,7.3052,180
1561332120000,7.3,7.3,7.3,7.3,34.244288
1561332180000,7.3,7.2869,7.3,7.2869,6271.985712
1561332240000,7.2828,7.28,7.2828,7.28,66
1561332300000,7.2709,7.2622,7.27,7.2623,1343.78485971
1561332360000,7.2645,7.2622,7.2622,7.2645,1672
1561332420000,7.2672,7.2402,7.2672,7.2539,12555.61686655
1561332480000,7.2508,7.2318,7.2508,7.2405,7741.51861458
1561332540000,7.2372,7.23,7.2372,7.23,1468.52565922
1561332600000,7.2296,7.2087,7.2296,7.2087,6079.38566271
1561332660000,7.2081,7.2,7.2081,7.2001,8680.3035668
1561332720000,7.2557,7.21,7.21,7.2403,1727.72051462
1561332780000,7.2391,7.2302,7.2311,7.2391,158.13471001
1561332840000,7.2542,7.2375,7.2446,7.2461,904.67482428
1561332900000,7.2538,7.24,7.2486,7.2538,4599.3698489
1561332960000,7.254,7.2506,7.254,7.2514,101.81113109
1561333020000,7.2511,7.246,7.2481,7.246,4140.80611422
1561333080000,7.246,7.2273,7.246,7.239,1641.27630573
1561333140000,7.2347,7.2338,7.2338,7.2347,26.16388211
1561333200000,7.2222,7.2139,7.2213,7.2139,992
1561333260000,7.2156,7.2006,7.2134,7.2156,1523.59624564
1561333320000,7.2253,7.2099,7.2145,7.2186,7114.15572184
1561333380000,7.2326,7.2175,7.2179,7.2275,3326.99715603
1561333440000,7.235,7.2293,7.2293,7.235,8.84
1561333500000,7.2607,7.2458,7.2458,7.2607,2854.82413467
1561333560000,7.2706,7.2611,7.2626,7.2706,2411.11273122
1561333620000,7.2634,7.2618,7.2634,7.2619,938.12431497
1561333680000,7.2629,7.2509,7.2535,7.254,1214.04218414
1561333740000,7.2602,7.2599,7.2599,7.2602,80.44226243
1561333860000,7.26,7.2569,7.2569,7.26,6848.05890515
1561333920000,7.26005657,7.26,7.26,7.26,7155.09181801
1561333980000,7.26,7.26,7.26,7.26,281.58356632
1561334040000,7.271,7.2613,7.2613,7.2625,1613.82574764
1561334100000,7.2701,7.2671,7.2671,7.2701,411.01722189
1561334160000,7.27,7.27,7.27,7.27,6.50108987
1561334220000,7.2704,7.2701,7.2701,7.2704,749
1561334280000,7.2808,7.27,7.2701,7.2792,1049.39954215
1561334340000,7.2793,7.2751,7.2791,7.2751,871.34545
1561334400000,7.2801,7.2601,7.2792,7.2601,6946.20030578
1561334460000,7.2612,7.25,7.2612,7.25,11569.84903551
1561334520000,7.2553,7.2368,7.2368,7.2553,472.32187538
1561334580000,7.2535,7.2485,7.2532,7.2485,251.05666239
1561334640000,7.2512,7.2512,7.2512,7.2512,13.34340768
1561334700000,7.2579,7.2579,7.2579,7.2579,12
1561334760000,7.2615,7.2529,7.2615,7.2568,267.94874898
1561334820000,7.25753671,7.25753671,7.25753671,7.25753671,0.6
1561334880000,7.2575,7.2575,7.2575,7.2575,41.54187723
1561334940000,7.2424,7.2301,7.2424,7.2301,728.72859781
1561335000000,7.2301,7.2,7.2301,7.2,13617.28809653
1561335060000,7.2035,7.18,7.2,7.2035,15036.81105484
1561335120000,7.2126,7.1935,7.2049,7.2097,2309.33272347
1561335180000,7.1998,7.1985,7.1998,7.1985,2500.63183828
1561335240000,7.19,7.1308,7.1891,7.14,38077.32371397
1561335300000,7.1451,7.09,7.1451,7.1103,59430.53998212
1561335360000,7.1215,7.0916,7.1215,7.1015,2176.16748374
1561335420000,7.1019,7.09,7.101,7.09,16236.75663368
1561335480000,7.09,7.0276,7.09,7.0334,34379.59890207
1561335540000,7.0495,7.0051,7.0277,7.0375,36473.87031294
1561335600000,7.1044,7.0374,7.03747006,7.1042,12514.27485294
1561335660000,7.0899,7.0729,7.0874,7.0757,2975.13992797
1561335720000,7.0735,7.03678673,7.0715,7.0459,10295.0380231
1561335780000,7.0382,7.0169,7.0382,7.0267,7781.8387483
1561335840000,7.0358,7.0069,7.03,7.0304,14494.43653513
1561335900000,7.0514,7.02869798,7.034,7.0514,5363.2869349
1561335960000,7.0586,7.05,7.0559,7.05,2918.33371797
1561336020000,7.0609,7.0511,7.0511,7.0599,1151.8347004
1561336080000,7.0783,7.0628,7.0628,7.0735,455.01675013
1561336140000,7.0852,7.072,7.072,7.0827,4524.03299058
1561336200000,7.0852,7.0539,7.0852,7.0693,13866.83374576
1561336260000,7.0881,7.0704,7.0709,7.0881,2911.59696123
1561336320000,7.0929,7.0865,7.0865,7.09,3898.8118965
1561336380000,7.097,7.0894,7.09,7.0968,5977.6413479
1561336440000,7.0967,7.0895,7.0966,7.0936,2961.21160867
1561336500000,7.0959,7.0795,7.0959,7.08444136,7911.4503632
1561336560000,7.089,7.0762,7.0844,7.087,370.62564178
1561336620000,7.0882,7.0852,7.0882,7.088,350.70226548
1561336680000,7.1137,7.0969,7.0969,7.1137,5667.27082801
1561336740000,7.1102,7.1023,7.1102,7.1039,3622.9487556
1561336800000,7.1,7.061,7.1,7.0796,20487.90601052
1561336860000,7.0732,7.0634,7.0685,7.0709,1175.44258852
1561336920000,7.071,7.071,7.071,7.071,202
1561336980000,7.0829,7.0785,7.0785,7.0829,17.64369
1561337040000,7.086,7.0714,7.0827,7.0849,251.26182064
1561337100000,7.0962,7.08,7.08,7.0962,1011.75020635
1561337160000,7.1163,7.1107,7.1141,7.1107,349.10438577
1561337220000,7.1107,7.1001,7.1107,7.1018,252.18700882
1561337280000,7.106,7.106,7.106,7.106,2.715
1561337340000,7.1115,7.1115,7.1115,7.1115,2
1561337400000,7.117,7.1114,7.1114,7.117,350
1561337460000,7.1171,7.1159,7.1171,7.1159,98.1649089
1561337520000,7.1182,7.1159,7.1159,7.1182,468.0473933
1561337580000,7.1242,7.1193,7.1202,7.1206,865
1561337640000,7.1192,7.1158,7.1192,7.1158,2958.80603481
1561337700000,7.1085,7.1039,7.1039,7.1069,2702.0945
1561337760000,7.1094,7.1011,7.1069,7.1015,810.96727169
1561337820000,7.107,7.0938,7.1011,7.1049,10874.36342441
1561337880000,7.0948,7.0946,7.0947,7.0946,991.375
1561337940000,7.0992,7.0946,7.0946,7.0984,724.6914
1561338000000,7.099,7.0915,7.0963,7.0948,1171.1776634
1561338060000,7.0938,7.0937,7.0938,7.0938,17.51999511
1561338180000,7.1042,7.0937,7.0938,7.097,4832.822
1561338300000,7.0941,7.09,7.0941,7.0901,1427.0266726
1561338360000,7.0901,7.09,7.0901,7.09,1494.87706096
1561338420000,7.09,7.08,7.09,7.088,4582.03114304
1561338480000,7.0995,7.0823,7.0833,7.0995,4253.34600085
1561338540000,7.1,7.0994,7.0994,7.1,321.4
1561338600000,7.1042,7.1,7.1,7.1042,3679.97200498
1561338660000,7.1454,7.1164,7.1164,7.1454,2546.69785982
1561338720000,7.1539,7.1444,7.1444,7.1483,3559.15011725
1561338780000,7.16,7.1439,7.155,7.1459,7720.13949895
1561338840000,7.1416,7.1407,7.1416,7.1407,26.8481002
1561338900000,7.1423,7.1418,7.1423,7.1419,174.41273007
1561338960000,7.16,7.1599,7.1599,7.16,45
1561339020000,7.16,7.1569,7.16,7.16,930.55409236
1561339080000,7.1699,7.1689,7.1699,7.1689,55.48
1561339140000,7.17,7.1698,7.1698,7.17,709.19882152
1561339200000,7.1715,7.1698,7.17,7.1698,2471.1924
1561339260000,7.1747,7.1747,7.1747,7.1747,2.73115887
1561339320000,7.1727,7.1673,7.1695,7.1673,169.29145372
1561339380000,7.1704,7.1672,7.1673,7.1704,176.91174958
1561339440000,7.1654,7.1651,7.1651,7.1654,261.30959716
1561339500000,7.1662,7.1662,7.1662,7.1662,200
1561339560000,7.1693,7.1644,7.1644,7.1684,841.10125306
1561339620000,7.1645,7.1632,7.1645,7.1632,354.8728
1561339680000,7.16,7.1557,7.1557,7.16,417.84680312
1561339740000,7.1603,7.1573,7.1603,7.1573,51.01025841
1561339800000,7.1573,7.1539,7.1573,7.156,819.91870715
1561339860000,7.1517,7.1502,7.1517,7.1507,1130.44441312
1561339920000,7.1436,7.1347,7.1418,7.1347,3085.23515356
1561339980000,7.1399,7.1399,7.1399,7.1399,262.65923653
1561340100000,7.147,7.1253,7.1425,7.1253,3281.042
1561340160000,7.1333,7.1196,7.1229,7.1333,2103.38449862
1561340220000,7.1301,7.13,7.1301,7.13,2693.13942251
1561340280000,7.1237,7.1197,7.1197,7.1237,224.29928514
1561340340000,7.1188,7.118,7.1188,7.118,101.9554
1561340400000,7.1309,7.1168,7.1168,7.1309,192.07134943
1561340460000,7.131,7.1251,7.1261,7.1304,412.75551115
1561340520000,7.1407,7.1304,7.1304,7.1391,2630.91094003
1561340580000,7.1464,7.1412,7.1412,7.1464,1497.23704295
1561340640000,7.1497,7.1441,7.1441,7.1491,423.8948
1561340700000,7.15,7.1499,7.1499,7.15,1720.57769164
1561340760000,7.1469,7.1469,7.1469,7.1469,250
1561340820000,7.1458,7.1417,7.1458,7.1417,875.452
1561340880000,7.142,7.142,7.142,7.142,2.3145895
1561340940000,7.15,7.1499,7.1499,7.15,329.9837
1561341000000,7.1657,7.15,7.15,7.1604,1930.2919
1561341060000,7.1531,7.1531,7.1531,7.1531,0.64086237
1561341180000,7.1587,7.1459,7.1587,7.1498,402.2308438
1561341240000,7.1533,7.1444,7.1444,7.1533,25
1561341300000,7.1604,7.1604,7.1604,7.1604,6.98605875
1561341420000,7.1516,7.1507,7.1516,7.1507,76.18756554
1561341480000,7.1502,7.1502,7.1502,7.1502,278.05836034
1561341540000,7.1517,7.1503,7.1503,7.1517,68.7519
1561341600000,7.151,7.1365,7.151,7.1437,1164.87183943
1561341720000,7.1584,7.1371,7.1371,7.1584,231.43247726
1561341780000,7.1619,7.1575,7.159,7.1575,605.71241137
1561341840000,7.1696,7.1628,7.1696,7.1628,1566
1561342080000,7.1704,7.1694,7.1694,7.1704,300
1561342140000,7.1774,7.1737,7.1737,7.1774,51.38706111
1561342200000,7.2127,7.1775,7.1775,7.1876,38303.55054197
1561342260000,7.1821,7.1761,7.1779,7.1787,5754.42896503
1561342320000,7.1816,7.1787,7.1787,7.1816,1676.023
1561342380000,7.188,7.1842,7.1844,7.188,810.37375842
1561342440000,7.1914,7.181,7.1914,7.1871,4911.11323439
1561342500000,7.1888,7.1789,7.1888,7.1798,3645.79109479
1561342560000,7.1826,7.1794,7.1798,7.1819,981.76766072
1561342620000,7.1849,7.1785,7.1822,7.1785,2237.57752993
1561342680000,7.1801,7.1731,7.1801,7.1754,381.0062
1561342740000,7.1764,7.1749,7.1764,7.1764,230.9301
1561342920000,7.1636,7.1601,7.1621,7.1636,2298.33085815
1561342980000,7.1607,7.1604,7.1607,7.1604,924.48383372
1561343040000,7.16,7.16,7.16,7.16,6
1561343100000,7.1552,7.1446,7.1552,7.1468,16.89238425
1561343160000,7.1533,7.1448,7.1448,7.1504,1123.7839
1561343220000,7.1562,7.1535,7.15612717,7.1562,2354.06055986
1561343400000,7.15007778,7.15007778,7.15007778,7.15007778,76.23
1561343520000,7.1708,7.1708,7.1708,7.1708,44.0392493
1561343580000,7.1715,7.1715,7.1715,7.1715,42.06650312
1561343640000,7.1688,7.1688,7.1688,7.1688,0.6
1561343700000,7.1681,7.1681,7.1681,7.1681,27.517
1561343820000,7.1775,7.16573157,7.16573157,7.1744,585.87728977
1561343880000,7.1864,7.1734,7.1734,7.1864,87.47676323
1561343940000,7.1839,7.1787,7.1787,7.1839,341.99291867
1561344060000,7.1833,7.1833,7.1833,7.1833,527.07924564
1561344120000,7.1767,7.1767,7.1767,7.1767,1.39655354
1561344240000,7.1641,7.164,7.1641,7.164,220
1561344300000,7.1641,7.1608,7.1641,7.1608,106.10089068
1561344360000,7.1615,7.1532633,7.1615,7.1532633,350
1561344420000,7.1524,7.15,7.1502,7.15,85.30970679
1561344600000,7.142,7.1419,7.14193875,7.1419,260.498
1561344780000,7.1378,7.1378,7.1378,7.1378,1.39348205
1561344840000,7.1393,7.1393,7.1393,7.1393,27.53651795
1561344900000,7.1499,7.1499,7.1499,7.1499,136.8334
1561344960000,7.1536,7.15,7.15,7.153,4072.48845475
1561345020000,7.1551,7.1536,7.1536,7.1551,86
1561345200000,7.156,7.1429,7.156,7.1468,666.99601561
1561345260000,7.1394,7.1298,7.1393,7.1298,2156.06353164
1561345320000,7.1303,7.1262,7.1303,7.1262,658.33383577
1561345380000,7.1389,7.1389,7.1389,7.1389,26
1561345440000,7.1404,7.13127941,7.1402,7.13127941,1009.90279132
1561345560000,7.1384,7.133,7.1384,7.133,976.85338146
1561345620000,7.1412,7.1359,7.1412,7.14,2030
1561345680000,7.1344,7.1315,7.13161088,7.1344,260
1561345740000,7.1345,7.1333,7.1345,7.1342,826.34433478
1561345860000,7.1271,7.1271,7.1271,7.1271,0.02177224
1561345920000,7.1352,7.1349,7.1349,7.1352,500
1561346040000,7.1257,7.125,7.1257,7.125,100.44374837
1561346280000,7.128,7.128,7.128,7.128,6
1561346520000,7.1446,7.1446,7.1446,7.1446,21.81817113
1561346640000,7.1426,7.1426,7.1426,7.1426,150
1561346700000,7.1331,7.1331,7.1331,7.1331,4.24311711
1561346820000,7.1405,7.1405,7.1405,7.1405,0.68642927
1561346880000,7.1427,7.1401,7.1427,7.1401,11
1561347000000,7.14,7.1351,7.1351,7.14,1086.701
1561347060000,7.1432,7.1397,7.1432,7.1397,51.66431192
1561347180000,7.1475,7.1451,7.1475,7.1459,261.20787523
1561347240000,7.1468,7.135,7.1468,7.1365,1061.08068055
1561347300000,7.1362,7.1349,7.1362,7.1349,92.29562954
1561347420000,7.1398,7.1371,7.1398,7.1371,157.1574672
1561347540000,7.1528,7.1518,7.1528,7.1518,419.02347702
1561347600000,7.1581,7.1542,7.1542,7.1581,1483.67480444
1561347660000,7.1569,7.1556,7.15593095,7.1559,1392.59485757
1561347720000,7.1624,7.16,7.16,7.1624,3201
1561347780000,7.162,7.1563,7.1602,7.1563,5464.14585124
1561347840000,7.1624,7.1624,7.1624,7.1624,266.43660419
1561347900000,7.168,7.163,7.1645,7.1645,2306.93117515
1561347960000,7.164,7.1622,7.164,7.1622,90.47196856
1561348020000,7.1586,7.1513,7.1586,7.1513,478.7968009
1561348080000,7.1522,7.148,7.148,7.1522,350
1561348200000,7.152,7.1448,7.152,7.1448,2000
1561348260000,7.1505,7.1484,7.1504,7.1504,1309.96078691
1561348320000,7.1503,7.1503,7.1503,7.1503,40
1561348440000,7.1483,7.1436,7.1483,7.145,548
1561348500000,7.1459,7.1459,7.1459,7.1459,26
1561348560000,7.1461,7.1461,7.1461,7.1461,139.24581005
1561348620000,7.1422,7.1416,7.1416,7.1422,677.80364405
1561348680000,7.1468,7.1402,7.1468,7.1408,3249.42272179
1561348740000,7.1457,7.1453,7.1453,7.1454,2287.68597483
1561348800000,7.1477,7.1477,7.1477,7.1477,86
1561348860000,7.1454,7.1454,7.1454,7.1454,10
1561348920000,7.144,7.1202,7.144,7.1308,1852.80969516
1561348980000,7.1275,7.12038013,7.1263,7.12038013,5316.05682806
1561349040000,7.1217,7.12,7.1217,7.12,87.61877904
1561349220000,7.1203,7.1136,7.1203,7.1136,340.73427244
1561349280000,7.1153,7.1111,7.1153,7.1111,287.04802883
1561349340000,7.1111,7.1111,7.1111,7.1111,53.74008896
1561349400000,7.1122,7.11,7.1122,7.11,1000
1561349460000,7.1192,7.1192,7.1192,7.1192,1
1561349520000,7.124,7.1206,7.1209,7.124,554.36966294
1561349580000,7.1297,7.122,7.1241,7.1297,2910.09753876
1561349640000,7.1417,7.126,7.126,7.1385,3517.91881216
1561349700000,7.1414,7.1377,7.1414,7.1377,105.8043
1561349760000,7.1416,7.1332,7.1416,7.1332,898.93425862
1561349820000,7.1337,7.1287,7.129,7.1337,607.55904138
1561349880000,7.1459,7.1416,7.1416,7.1459,462.53038549
1561349940000,7.1407,7.1375,7.1407,7.14,1023.99999999
1561350000000,7.1372,7.1372,7.1372,7.1372,5.38
1561350060000,7.14260515,7.139,7.139,7.14260515,2990.67423372
1561350120000,7.1372,7.1372,7.1372,7.1372,0.84992111
1561350180000,7.1355,7.1314,7.1331,7.1354,3535.60546051
1561350240000,7.1317,7.1248,7.1317,7.1248,294.27418116
1561350300000,7.1293,7.1293,7.1293,7.1293,3
1561350360000,7.1201,7.1181,7.1201,7.1181,350
1561350420000,7.1197,7.1197,7.1197,7.1197,13.6
1561350480000,7.1221,7.1172,7.1196,7.1221,1323.7999
1561350540000,7.1122,7.1119,7.1122,7.1119,568.25944234
1561350600000,7.11,7.1004,7.11,7.1004,2503.42062922
1561350660000,7.1015,7.1003,7.1015,7.1003,98.49544734
1561350720000,7.1016,7.0941,7.1003,7.1016,4456.28925164
1561350780000,7.0965,7.0879349,7.0965,7.0946,2501.29723963
1561350840000,7.0943,7.0917,7.0943,7.0917,2095.63581888
1561350960000,7.1006,7.0988,7.0988,7.1006,149.06625456
1561351020000,7.1122,7.1122,7.1122,7.1122,1.5
1561351080000,7.1122,7.1114,7.1114,7.1122,227.92851034
1561351140000,7.12,7.12,7.12,7.12,250
1561351200000,7.1231,7.1228,7.1231,7.1228,92.38240925
1561351320000,7.1148,7.114,7.1141,7.1148,438.60234582
1561351380000,7.1248,7.1248,7.1248,7.1248,30.25434134
1561351440000,7.1248,7.1248,7.1248,7.1248,31.20542892
1561351500000,7.1291,7.128,7.128,7.1285,4996.71518249
1561351560000,7.1316,7.1282,7.1283,7.1315,869.81334433
1561351620000,7.149,7.1319,7.1319,7.1466,13185.35380513
1561351680000,7.1546,7.1454,7.1454,7.1493,15648.35814099
1561351740000,7.1455,7.1444,7.1444,7.1455,199.7756512
1561351800000,7.1482,7.1472,7.1482,7.1472,227.92851034
1561351920000,7.1699,7.1498,7.1498,7.1582,6071.16616187
1561351980000,7.1664,7.1599,7.1664,7.1625,666.44939145
1561352040000,7.1689,7.1689,7.1689,7.1689,10
1561352100000,7.1671,7.1585,7.1665,7.1614,176.86825455
1561352160000,7.1584,7.1572,7.1584,7.1572,752.51226256
1561352280000,7.1581,7.1572,7.1576,7.1572,347.22405149
1561352340000,7.1699,7.1578,7.1578,7.1699,938.24959412
1561352400000,7.1698,7.1553,7.1698,7.1617,2538.18484108
1561352460000,7.1617,7.1585,7.1585,7.1611,929.09248823
1561352520000,7.1578,7.154,7.154,7.1578,5.09831217
1561352580000,7.1581,7.1556,7.1581,7.1556,49.8
1561352640000,7.1517,7.15,7.15,7.1517,104.63043085
1561352700000,7.157,7.1565,7.157,7.1565,30
1561352820000,7.1452,7.1452,7.1452,7.1452,1.0056216
1561353000000,7.1571,7.157,7.157,7.1571,50
1561353120000,7.1484,7.1427,7.1447,7.145,14.10243699
1561353180000,7.1483,7.1455,7.1456,7.1455,442.25740351
1561353240000,7.146,7.1452,7.1452,7.146,49.99999999
1561353300000,7.1661,7.148,7.148,7.1653,5367.32728017
1561353360000,7.1699,7.1662,7.1662,7.1699,4046.95241531
1561353420000,7.1699,7.1697,7.1697,7.1699,42.23696619
1561353480000,7.17,7.1699,7.1699,7.17,293.37207097
1561353540000,7.1802,7.17,7.17,7.1802,8731.2341
1561353600000,7.1924,7.182,7.182,7.1863,3673.15810598
1561353660000,7.1924,7.1842,7.1842,7.1881,2151.58025267
1561353720000,7.1982,7.1931,7.1931,7.1982,36.55275775
1561353780000,7.1921,7.1921,7.1921,7.1921,65.1825
1561353840000,7.1946,7.1903,7.1929,7.1946,146.9030554
1561353900000,7.1955,7.1892,7.1942,7.1892,748.29637996
1561353960000,7.1978,7.1893,7.1893,7.197,105.60063019
1561354020000,7.1928,7.1749,7.1928,7.1776,10546.83615935
1561354080000,7.1873,7.1872,7.1873,7.1872,314.81453156
1561354140000,7.185,7.184,7.185,7.184,125.3253803
1561354200000,7.1934,7.1816,7.1908,7.1934,6731.72897651
1561354260000,7.1953,7.1935,7.1935,7.1951,550
1561354320000,7.1901,7.1901,7.1901,7.1901,77.45547782
1561354380000,7.1914,7.1755,7.1914,7.1867,10219.56905571
1561354440000,7.19,7.1899,7.19,7.1899,416.96540782
1561354500000,7.1881,7.1828,7.1881,7.1828,352.4721
1561354560000,7.1839,7.1833,7.1839,7.1834,346.2778
1561354620000,7.1905,7.1834,7.1834,7.1905,84.00221084
1561354680000,7.1935,7.1877,7.1903,7.1877,241.44330161
1561354740000,7.1919,7.1918,7.1919,7.1918,43.28054203
1561354800000,7.1917,7.1917,7.1917,7.1917,24
1561354920000,7.1897,7.1897,7.1897,7.1897,0.78022874
1561354980000,7.1967,7.1898,7.1898,7.1967,2019.3236867
1561355040000,7.1983,7.1982,7.1982,7.1983,50
1561355100000,7.1968,7.1968,7.1968,7.1968,100
1561355160000,7.1969,7.1968,7.1969,7.1968,65.96154537
1561355220000,7.1999,7.1982,7.1982,7.1995,292.20640028
1561355280000,7.1969,7.1968,7.1968,7.1969,368
1561355340000,7.1903,7.1903,7.1903,7.1903,97.90194006
1561355400000,7.1868,7.1867,7.1868,7.1867,1612.18102125
1561355520000,7.1911,7.1911,7.1911,7.1911,2.39366128
1561355580000,7.1925,7.1922,7.1925,7.1922,110.35099289
1561355640000,7.1951,7.1943,7.1951,7.1943,129.8
1561355700000,7.2,7.196,7.2,7.196,5441.31781467
1561355760000,7.2018,7.2,7.2,7.2018,1922.51831731
1561355820000,7.2042,7.2023,7.2023,7.2041,290.37587718
1561355940000,7.19,7.1867,7.19,7.1886,61.33742382
1561356000000,7.1906,7.1855,7.1906,7.1855,315
1561356060000,7.1966,7.1887,7.1887,7.1966,717.23355465
1561356120000,7.1973,7.197,7.197,7.1973,5.44499885
1561356180000,7.1973,7.1854,7.1973,7.1854,168.328
1561356240000,7.1826,7.1826,7.1826,7.1826,107.13
1561356300000,7.1818,7.1818,7.1818,7.1818,274.57190371
1561356480000,7.1817,7.1721,7.1817,7.1722,741.96700394
1561356540000,7.1748,7.1726,7.1726,7.1748,293.54636104
1561356600000,7.1852,7.183,7.183,7.1852,7.86281082
1561356660000,7.1902,7.1892,7.1901,7.1902,58.18998939
1561356780000,7.1896,7.1892,7.1892,7.1896,370
1561356840000,7.19,7.19,7.19,7.19,237
1561356900000,7.1907,7.1907,7.1907,7.1907,70.3329
1561356960000,7.1893,7.188,7.188,7.1893,26.43510794
1561357020000,7.1979,7.1939,7.1939,7.1979,6.76108522
1561357080000,7.1966,7.1955,7.1955,7.1966,72.92705326
1561357140000,7.1937,7.1937,7.1937,7.1937,550
1561357200000,7.1944,7.1887,7.1944,7.1932,601.21977127
1561357260000,7.1935,7.1889,7.1935,7.1897,1364.79659286
1561357380000,7.1878,7.1863,7.1863,7.1878,600
1561357440000,7.1865,7.1865,7.1865,7.1865,12
1561357500000,7.1844,7.1844,7.1844,7.1844,961.58096482
1561357560000,7.1719,7.1659,7.1719,7.1664,120
1561357620000,7.1654,7.16,7.1654,7.1624,5652.3192343
1561357680000,7.1625,7.1624,7.1625,7.1624,89.89999999
1561357740000,7.1733,7.1625,7.1625,7.1667,1432.90051851
1561357800000,7.1683,7.167,7.1683,7.167,959.05
1561357860000,7.1644,7.1626,7.1634,7.1626,872.48382149
1561357920000,7.1624,7.14776122,7.1624,7.14776122,2400
1561357980000,7.1636,7.1591,7.1631,7.1592,1950
1561358040000,7.159,7.1424,7.1582,7.1439,4455.870729
1561358100000,7.1524,7.1447,7.1524,7.1485,940
1561358160000,7.152,7.15,7.15,7.152,54.51151565
1561358220000,7.1665,7.1587,7.1587,7.1665,1599.12631766
1561358280000,7.1767,7.1693,7.1702,7.1767,102.26071134
1561358340000,7.177,7.1711,7.1711,7.177,770
1561358400000,7.1762,7.1717,7.1717,7.1743,492.4246
1561358460000,7.1753,7.1743,7.1743,7.1743,356.00565898
1561358520000,7.1721,7.1669,7.1721,7.1669,26.68624303
1561358580000,7.1669,7.1537,7.1669,7.1537,40.07571051
1561358640000,7.147,7.1464,7.1464,7.147,1114.23804646
1561358700000,7.1445,7.1334,7.1445,7.1334,7196.81473786
1561358760000,7.1347,7.105,7.1347,7.105,5348.51315923
1561358820000,7.1309,7.1162,7.1162,7.1272,2828.88721929
1561358880000,7.1418,7.13836838,7.13836838,7.1418,81.498
1561358940000,7.144,7.1347,7.144,7.1387,2105.57157558
1561359060000,7.1358,7.1151,7.1358,7.1289,14070.4697257
1561359120000,7.1274,7.1274,7.1274,7.1274,539.38594056
1561359180000,7.13413181,7.1277,7.1302,7.13413181,439.76351048
1561359240000,7.1438,7.138,7.138,7.1438,1390.97533343
1561359300000,7.1497,7.1438,7.1438,7.1448,748.78979764
1561359360000,7.1514,7.1469,7.1469,7.1495,370.1463137
1561359420000,7.1513,7.1505,7.1513,7.1505,10.97269938
1561359480000,7.1488,7.1463,7.1486,7.1464,340.97269937
1561359540000,7.154,7.15,7.15,7.154,30
1561359660000,7.1513,7.1413,7.1467,7.1461,5832.15063654
1561359720000,7.1455,7.144,7.144,7.1455,48.14084867
1561359780000,7.1581,7.1547,7.1547,7.1581,45.84349248
1561359840000,7.1592,7.1582,7.1592,7.1582,274
1561360020000,7.1592,7.1592,7.1592,7.1592,300
1561360080000,7.1706,7.16,7.16,7.1627,5487.27345288
1561360200000,7.1694,7.1644,7.1694,7.1694,81.79226019
1561360260000,7.1687,7.1682,7.1687,7.1682,1300
1561360320000,7.1607,7.1603,7.1603,7.1607,50
1561360380000,7.1598,7.1598,7.1598,7.1598,1.09592535
1561360440000,7.1621,7.1621,7.1621,7.1621,8.4
1561360860000,7.1664,7.1664,7.1664,7.1664,35.40713365
1561360920000,7.1621,7.1608,7.1608,7.1621,70
1561360980000,7.1621,7.1621,7.1621,7.1621,518.05016035
1561361040000,7.1621,7.1621,7.1621,7.1621,49.8138
1561361100000,7.1724,7.1621,7.1621,7.1724,16.46913962
1561361160000,7.1718,7.1644,7.1689,7.1718,924.0174346
1561361220000,7.1822,7.1767,7.1767,7.1822,21.446
1561361280000,7.18,7.1754,7.18,7.1772,932.33410251
1561361340000,7.1771,7.1771,7.1771,7.1771,135.27
1561361400000,7.1796,7.1796,7.1796,7.1796,250
1561361460000,7.1745,7.1745,7.1745,7.1745,100
1561361520000,7.163,7.1627,7.163,7.1627,47
1561361580000,7.1713,7.162,7.1647,7.162,1811.00296523
1561361640000,7.1685,7.1685,7.1685,7.1685,53.6
1561361760000,7.1634,7.1634,7.1634,7.1634,3.00484747
1561361820000,7.1721,7.1721,7.1721,7.1721,26
1561362000000,7.167,7.163,7.167,7.163,2250.83941764
1561362180000,7.1725,7.168,7.168,7.1725,26.91744482
1561362420000,7.1751,7.1663,7.1663,7.175,78.99999965
1561362600000,7.1741,7.1704,7.1704,7.1741,52.2
1561362660000,7.1727,7.1727,7.1727,7.1727,0.33227953
1561362780000,7.1702,7.1702,7.1702,7.1702,1
1561362960000,7.1737,7.17,7.17,7.1737,25.67908686
1561363020000,7.1723,7.1687,7.1723,7.1687,389.54315956
1561363140000,7.1723,7.1685,7.1685,7.1723,116.43951851
1561363200000,7.1721,7.1712,7.1721,7.1712,82.25367416
1561363320000,7.1705,7.1705,7.1705,7.1705,1.19258495
1561363380000,7.1715,7.1694,7.1694,7.1715,870
1561363440000,7.1863,7.1767,7.1767,7.1863,114.18609651
1561363500000,7.1982,7.18630381,7.18630381,7.1982,193.83
1561363560000,7.197,7.1926,7.1939,7.1963,421.2670086
1561363680000,7.1921,7.1877,7.1921,7.189,224.72603059
1561363740000,7.19301541,7.1889,7.19,7.19301541,713
1561363860000,7.1953,7.1953,7.1953,7.1953,50
1561363920000,7.1915,7.191,7.191,7.1915,100.01961304
1561363980000,7.2,7.1983,7.1983,7.2,459.50612636
1561364040000,7.2,7.1998,7.1998,7.2,3682.53368393
1561364100000,7.2029,7.2,7.2,7.2029,1797.08765721
1561364160000,7.2043,7.2042,7.2043,7.2042,105.5
1561364220000,7.2042,7.1976,7.2042,7.202,716.43631938
1561364520000,7.1978,7.1978,7.1978,7.1978,74.00000039
1561364640000,7.1985,7.1985,7.1985,7.1985,50
1561364760000,7.2,7.2,7.2,7.2,8.73094437
1561364820000,7.2084,7.20441674,7.20441674,7.2084,1444.44807311
1561364880000,7.20988075,7.2084,7.2084,7.20988075,92.97618684
1561364940000,7.2137,7.20988075,7.20988075,7.2108,3832.35462219
1561365000000,7.2083,7.2004,7.2083,7.2004,5059.5376103
1561365060000,7.1989,7.1974,7.1989,7.1974,352.0154197
1561365120000,7.1943,7.1913,7.1928,7.1922,156.24868036
1561365240000,7.2026,7.2026,7.2026,7.2026,50
1561365300000,7.2015,7.2015,7.2015,7.2015,296.75926253
1561365360000,7.2014,7.2014,7.2014,7.2014,2
1561365420000,7.1911,7.1911,7.1911,7.1911,24
1561365480000,7.1896,7.1876,7.1896,7.1876,103
1561365720000,7.1943,7.1902,7.1943,7.1911,859.68856228
1561365840000,7.1907,7.1905,7.1905,7.1907,300
1561365900000,7.1907,7.1891,7.1907,7.1893,400
1561365960000,7.1951,7.1927,7.1951,7.1927,2276.69458492
1561366020000,7.195,7.1941,7.1941,7.195,2.99759773
1561366200000,7.1965,7.1906,7.1965,7.1906,3801.0357154
1561366260000,7.1935,7.1918,7.1935,7.1919,150.8642846
1561366440000,7.1937,7.1937,7.1937,7.1937,27.7
1561366560000,7.2,7.195,7.195,7.2,1250
1561366620000,7.2027,7.2027,7.2027,7.2027,8.80052256
1561366680000,7.21,7.2027,7.2027,7.21,752.23332892
1561366800000,7.21,7.2092,7.21,7.2092,11.1
1561366860000,7.2069,7.2047,7.2069,7.2047,4.35
1561366920000,7.2122,7.2032,7.2032,7.2081,566.5509253
1561366980000,7.2134,7.2071,7.2071,7.2104,2438.53
1561367040000,7.2078,7.1967,7.2078,7.1967,2579.918938
1561367100000,7.2019,7.2,7.2,7.2019,70.85764274
1561367160000,7.2064,7.2017,7.2064,7.2017,2000
1561367220000,7.2105,7.2021,7.2105,7.2023,52
1561367280000,7.2062,7.199,7.203,7.2059,738.6220177
1561367340000,7.1978,7.1964,7.1964,7.1978,100
1561367400000,7.1955,7.1953,7.1953,7.1955,370
1561367460000,7.1971,7.1971,7.1971,7.1971,400
1561367520000,7.1986,7.1971,7.1971,7.1986,193.6222456
1561367580000,7.1971,7.195,7.1971,7.195,46.090361
1561367640000,7.1932,7.1931,7.1931,7.1932,760.457
1561367760000,7.1934,7.1805,7.1934,7.1829,4443.29749061
1561367820000,7.1821,7.1788,7.1821,7.1814,1087.45
1561367880000,7.1829,7.1821,7.1821,7.1829,50
1561367940000,7.1842,7.1779,7.1836,7.1842,3935.92305499
1561368060000,7.1812,7.1802,7.1812,7.1802,500
1561368120000,7.1881,7.1868,7.1868,7.1881,250
1561368300000,7.1863,7.1863,7.1863,7.1863,100
1561368360000,7.1899,7.1863,7.1863,7.1899,750.15161873
1561368420000,7.1901,7.1744,7.1865,7.1787,10235.89290018
1561368540000,7.1816,7.1813,7.1813,7.1816,419.36030285
1561368600000,7.1816,7.1816,7.1816,7.1816,314.94426532
1561368660000,7.18315171,7.18169547,7.18169547,7.18315171,690.02183372
1561368720000,7.18596678,7.1832,7.1832,7.18596678,1632.33893738
1561368780000,7.18730088,7.186,7.186,7.18730088,195.04482507
1561368840000,7.2042,7.18730088,7.18730088,7.2042,2061.69676489
1561368900000,7.2105,7.2105,7.2105,7.2105,42.4
1561369020000,7.2174,7.2106,7.2106,7.2160638,7884.28504517
1561369080000,7.2191,7.2038,7.2174,7.2138,4388.9333481
1561369140000,7.2116,7.2058,7.2116,7.2109,1985.2773611
1561369200000,7.2161,7.214,7.214,7.2157,260.83265329
1561369260000,7.2338,7.2183,7.2183,7.2338,2767.95917385
1561369320000,7.2338,7.2337,7.23372259,7.2338,948.74542205
1561369380000,7.2358,7.2288,7.2338,7.2358,4800.48417998
1561369440000,7.2358,7.2336,7.2358,7.2336,2024.02144335
1561369500000,7.2353,7.2267,7.2336,7.2301,3559.82998584
1561369560000,7.2356,7.2293,7.2302,7.2356,5852.02192675
1561369620000,7.2425,7.231,7.2354,7.231,5827.80450943
1561369680000,7.23490628,7.2323,7.23490628,7.2323,169.9
1561369740000,7.2416,7.24058861,7.2416,7.24058861,175
1561369800000,7.23881871,7.2301,7.23881871,7.2319,4181.22217668
1561369860000,7.234,7.22177173,7.2327,7.22177173,2259.90751641
1561369920000,7.22391424,7.22,7.22214434,7.2222,2127.55363511
1561369980000,7.2222,7.2211,7.2222,7.2211,240.83693162
1561370040000,7.224,7.2237,7.2237,7.22396087,800
1561370100000,7.22433347,7.2243,7.22433347,7.2243,620
1561370220000,7.21855803,7.2173,7.2176,7.2174,37.6884011
1561370340000,7.2177,7.2177,7.2177,7.2177,104.5234
1561370400000,7.2172,7.2172,7.2172,7.2172,20.51737217
1561370520000,7.2225,7.2225,7.2225,7.2225,6.36753042
1561370580000,7.2226,7.2226,7.2226,7.2226,10
1561370700000,7.22732242,7.22732242,7.22732242,7.22732242,20.77332152
1561370820000,7.23337671,7.2279,7.23337671,7.2282,210.51380027
1561370880000,7.2285,7.2285,7.2285,7.2285,20.77418462
1561371000000,7.23067556,7.2261,7.2261,7.23067556,167.5
1561371060000,7.233,7.2319,7.2319,7.233,30
1561371120000,7.2264,7.2242,7.2261,7.2264,10.04477387
1561371180000,7.2396,7.234,7.234,7.2396,2021
1561371240000,7.2407,7.2407,7.2407,7.2407,20
1561371420000,7.2424674,7.2424674,7.2424674,7.2424674,3.5486422
1561371480000,7.2425,7.2425,7.2425,7.2425,5.2
1561371540000,7.2468,7.2428,7.2428,7.2468,436.76793839
1561371600000,7.2557,7.2468,7.2468,7.2557,3221.73686652
1561371660000,7.2577,7.25625107,7.25625355,7.2577,399.00257615
1561371720000,7.2584,7.2581,7.2581,7.2584,1092.13277316
1561371840000,7.2572,7.2572,7.2572,7.2572,0.68384836
1561371900000,7.2526,7.2525,7.2526,7.2525,111.36872618
1561372020000,7.2586,7.2586,7.2586,7.2586,2.2
1561372140000,7.2586,7.2583,7.2586,7.2584,171.6195
1561372200000,7.2586,7.2545,7.2586,7.2575,1111.10319708
1561372260000,7.2513,7.2513,7.2513,7.2513,100
1561372320000,7.253,7.2408,7.253,7.2408,220.17563498
1561372380000,7.2428,7.2428,7.2428,7.2428,270
1561372440000,7.2438,7.2438,7.2438,7.2438,2
1561372500000,7.2438,7.23216674,7.2438,7.23216674,5287.34170217
1561372560000,7.2397,7.2347,7.2397,7.237,2979.95526703
1561372620000,7.245,7.2446,7.2446,7.245,102.22096251
1561372680000,7.2455,7.2455,7.2455,7.2455,1114.2
1561372860000,7.25,7.25,7.25,7.25,50
1561372920000,7.2512,7.2512,7.2512,7.2512,55.99
1561372980000,7.2512,7.251,7.2512,7.251,466.13621787
1561373100000,7.25,7.2499,7.2499,7.25,125
1561373160000,7.2506,7.25,7.25,7.2506,3568.78036792
1561373220000,7.2582,7.2558,7.2582,7.2558,36.14716341
1561373340000,7.2587,7.2528,7.2572,7.2587,430.84400547
1561373400000,7.26059714,7.2587,7.2587,7.26059714,661.36742601
1561373460000,7.2598,7.2598,7.2598,7.2598,96
1561373520000,7.2598,7.2556,7.2598,7.2556,93.15407849
1561373580000,7.2557,7.2557,7.2557,7.2557,366.71453933
1561373700000,7.2559,7.2556,7.2559,7.2556,432.74871596
1561373760000,7.2556,7.2458,7.2556,7.246,358.02270098
1561373820000,7.2455,7.2455,7.2455,7.2455,69.89515869
1561373880000,7.23611738,7.22,7.2322,7.22,3004.78202734
1561373940000,7.2145,7.2032,7.2145,7.2032,507.26863484
1561374000000,7.2162,7.204,7.204,7.2162,5980.31294074
1561374060000,7.2149,7.2149,7.2149,7.2149,47.07146085
1561374120000,7.2209,7.2209,7.2209,7.2209,10.31294074
1561374180000,7.2218,7.2133,7.2133,7.2218,2842.747078
1561374240000,7.2185,7.2183,7.2185,7.2183,29.35
1561374300000,7.2123,7.2123,7.2123,7.2123,291.38222754
1561374420000,7.2003,7.1798,7.2003,7.1799,4038.00994775
1561374480000,7.1799,7.1794,7.1799,7.1798,200.51325829
1561374540000,7.19,7.19,7.19,7.19,24
1561374660000,7.1853,7.1778,7.1853,7.1778,625.99999999
1561374720000,7.1778,7.1778,7.1778,7.1778,131.84678053
1561374780000,7.1778,7.1776,7.1778,7.1776,278.59921947
1561374840000,7.1741,7.13503545,7.1741,7.13503545,14181.55347752
1561374900000,7.1591,7.1309,7.134,7.1591,5041.05708669
1561374960000,7.1539,7.129,7.1539,7.1446,1480.44984595
1561375020000,7.1268,7.11,7.1268,7.11,8402.10373828
1561375080000,7.14722781,7.1288,7.1288823,7.14722781,3373.55084643
1561375140000,7.1454,7.1425,7.1454,7.1448,474.19152193
1561375200000,7.1526,7.1492,7.1492,7.1526,649.41212972
1561375260000,7.1654959,7.1629,7.1629,7.1654959,2023
1561375320000,7.1756,7.1756,7.1756,7.1756,604.05125288
1561375380000,7.1665,7.1665,7.1665,7.1665,26
1561375440000,7.1582,7.1582,7.1582,7.1582,1000
1561375500000,7.1651,7.1651,7.1651,7.1651,85.884227
1561375560000,7.17,7.17,7.17,7.17,55.5
1561375620000,7.1796,7.1663,7.1775,7.1663,568.40988004
1561375680000,7.1679,7.1652,7.1652,7.1679,758.7010859
1561375740000,7.1733,7.1664,7.1664,7.1696,4028.59178052
1561375800000,7.1706,7.1706,7.1706,7.1706,20
1561375860000,7.1696,7.1589,7.1696,7.1589,365.79190658
1561375920000,7.1573,7.1573,7.1573,7.1573,4.24155467
1561376040000,7.1672,7.1574,7.1574,7.1672,7927.07376164
1561376160000,7.1733,7.1733,7.1733,7.1733,42.16950516
1561376220000,7.1733,7.1733,7.1733,7.1733,83.83049483
1561376280000,7.1717,7.164,7.164,7.1717,61.67467312
1561376340000,7.1704,7.1704,7.1704,7.1704,42.18952683
1561376400000,7.1741,7.1741,7.1741,7.1741,68.1634732
1561376460000,7.1875,7.1875,7.1875,7.1875,4.482
1561376520000,7.1999,7.1871,7.1871,7.19887397,604.05773911
1561376580000,7.2364,7.1989,7.1989,7.2364,5958.91403586
1561376640000,7.23586824,7.2309,7.2309,7.23586824,107.162993
1561376700000,7.2263,7.22264954,7.2263,7.22264954,299
1561376760000,7.225,7.2153,7.225,7.2171,2794.12916806
1561376820000,7.22,7.2141,7.2141,7.215,201.80442179
1561376880000,7.215,7.215,7.215,7.215,98.19557821
1561376940000,7.215,7.2072,7.2106,7.2136,323.59252012
1561377000000,7.2221,7.215,7.2201,7.215,409.40747988
1561377060000,7.21,7.21,7.21,7.21,100
1561377120000,7.2094,7.2093,7.2093,7.2094,433
1561377180000,7.2103,7.203,7.2039,7.2099,550
1561377300000,7.2159,7.2159,7.2159,7.2159,4.81386953
1561377360000,7.2102,7.2102,7.2102,7.2102,23.61701277
1561377420000,7.2134,7.2114,7.2114,7.2134,353.629
1561377480000,7.2123,7.2122,7.2122,7.2123,8.36472563
1561377540000,7.2195,7.2195,7.2195,7.2195,0.985
1561377660000,7.2359,7.2255,7.2255,7.2359,105.82607534
1561377720000,7.2405,7.2405,7.2405,7.2405,10
1561377780000,7.2367,7.2265,7.2367,7.2265,67.2836
1561377840000,7.2284,7.2186,7.2284,7.2186,10000
1561377960000,7.2186,7.215,7.215,7.2186,411.93331587
1561378080000,7.2175,7.21337063,7.21337063,7.2175,454.71167458
1561378140000,7.2198,7.2198,7.2198,7.2198,1.38104934
1561378200000,7.2199,7.2199,7.2199,7.2199,362.19599696
1561378320000,7.2139,7.2139,7.2139,7.2139,26
1561378380000,7.2064,7.206,7.206,7.2064,3.06677547
1561378440000,7.205,7.205,7.205,7.205,10.40313305
1561378560000,7.2,7.191,7.1994,7.191,1009.491
1561378620000,7.191,7.1888,7.191,7.1889,58.09243191
1561378680000,7.1911,7.1898,7.1898,7.1911,1025.53218058
1561378740000,7.1945,7.1945,7.1945,7.1945,274.59053436
1561378920000,7.1966,7.1966,7.1966,7.1966,301.3976
1561378980000,7.185,7.185,7.185,7.185,66.59867807
1561379040000,7.1976,7.1936,7.1936,7.1976,21.4219
1561379100000,7.2,7.2,7.2,7.2,5042.02060641
1561379160000,7.2052,7.2014,7.2052,7.2014,26.0241
1561379220000,7.1989,7.1975,7.1989,7.1975,2.5417211
1561379280000,7.2158,7.2015,7.2015,7.2143,579.75704391
1561379340000,7.215,7.2109,7.2109,7.215,6471.17977304
1561379400000,7.2028,7.1996,7.2028,7.1996,103.1
1561379460000,7.1995,7.1973,7.1995,7.1973,343.82747444
1561379580000,7.1891,7.188,7.1891,7.188,51.47348948
1561379640000,7.18372273,7.1667,7.18372273,7.176,9292.74854898
1561379700000,7.1766,7.1721,7.1732,7.1766,887.62399376
1561379760000,7.1811,7.1763,7.181,7.1763,619.76773671
1561379820000,7.1706,7.1679,7.1706,7.1679,544.89448172
1561379880000,7.1642,7.1599,7.162,7.1599,7441.23727731
1561380000000,7.1795,7.1738,7.1748,7.1738,124
1561380120000,7.1689,7.1689,7.1689,7.1689,45.87535951
1561380180000,7.1692,7.1692,7.1692,7.1692,4.9129855
1561380240000,7.1723,7.1692,7.1692,7.1723,698
1561380360000,7.1784,7.1784,7.1784,7.1784,42.17665359
1561380420000,7.1784,7.1769,7.1784,7.1769,40.0177
1561380480000,7.1867,7.1769,7.1769,7.1867,936.78030432
1561380540000,7.1867,7.1848,7.1848,7.1867,151.52569559
1561380600000,7.1932,7.1868,7.1932,7.1868,415.08302713
1561380660000,7.1999,7.1893,7.1893,7.1965,181.04972836
1561380780000,7.1932,7.1838,7.1932,7.1838,66.12260416
1561380840000,7.184,7.184,7.184,7.184,150
1561380900000,7.184,7.184,7.184,7.184,42.1204
1561380960000,7.184,7.184,7.184,7.184,0.00002857
1561381020000,7.1866,7.1801,7.1866,7.1801,353.1752844
1561381140000,7.179,7.179,7.179,7.179,50
1561381200000,7.173,7.1691,7.173,7.1691,1093.46775302
1561381260000,7.1777,7.172,7.172,7.1777,400
1561381380000,7.1738,7.169,7.1738,7.169,156.83460908
1561381440000,7.1691,7.1691,7.1691,7.1691,30.7161355
1561381560000,7.1816,7.1815,7.1816,7.1815,139.24473654
1561381620000,7.1928,7.1815,7.1815,7.1928,517.52007099
1561381740000,7.1904,7.1889,7.1889,7.1904,78.80500051
1561381920000,7.1991,7.1959,7.1969,7.1959,453.14022658
1561381980000,7.2,7.1948,7.1971,7.1948,577.8607531
1561382040000,7.1865,7.185,7.1865,7.185,66.15294997
1561382100000,7.1813,7.1813,7.1813,7.1813,30.16098731
1561382160000,7.1916,7.1904,7.1904,7.1916,105.50408468
1561382280000,7.1893,7.1893,7.1893,7.1893,26
1561382340000,7.187,7.1828,7.187,7.1829,439.19725243
1561382400000,7.1774,7.1726,7.1774,7.1726,419.93272191
1561382460000,7.1703,7.168,7.1703,7.1701,591.05984284
1561382520000,7.1719,7.1656,7.1708,7.1711,2350.4512278
1561382580000,7.1636,7.1541,7.1595,7.1541,325.86640381
1561382640000,7.1574,7.154,7.154,7.1573,916.14836718
1561382760000,7.1671,7.1655,7.1655,7.1671,169.34397295
1561382820000,7.1693,7.1602,7.1693,7.1602,167.16548948
1561382880000,7.1576,7.1576,7.1576,7.1576,2.5
1561382940000,7.1595,7.1432,7.1514,7.1595,429.42622229
1561383000000,7.1609,7.1557,7.1573,7.1567,69.87339078
1561383060000,7.1699,7.1591,7.1656,7.1618,1893.07356793
1561383120000,7.162,7.162,7.162,7.162,119.02753855
1561383180000,7.157,7.1435,7.157,7.14548366,1719.98537939
1561383240000,7.1543,7.1426,7.1493,7.1493,328.04449239
1561383300000,7.1476,7.136,7.1475,7.136,1427.54315678
1561383360000,7.1401,7.1255,7.1359,7.1341,1786.17453795
1561383420000,7.15,7.1341,7.1341,7.1479,1829.60110143
1561383480000,7.15,7.1474,7.1484,7.15,3005.95687836
1561383540000,7.1638,7.15,7.15,7.1618,3747.03019574
1561383600000,7.1623,7.1586,7.1617,7.1586,2758.16038384
1561383660000,7.1644,7.1571,7.1584,7.1641,1082.34577047
1561383720000,7.1652,7.1612,7.1616,7.1612,670.20046527
1561383780000,7.1648,7.1598,7.161,7.1641,558.52908193
1561383840000,7.1572,7.14739396,7.1554,7.1557,1990.59498326
1561383900000,7.1538,7.145,7.153,7.1538,1083.96311849
1561383960000,7.1629,7.1531,7.1531,7.1618,950.62826536
1561384020000,7.1699,7.1572,7.1699,7.1604,413.20617234
1561384080000,7.1624,7.1624,7.1624,7.1624,0.6172353
1561384140000,7.1677,7.1621,7.1621,7.1672,814.00899134
1561384200000,7.1666,7.1599,7.1651,7.164,734.48933312
1561384260000,7.1659,7.1588,7.1634,7.1588,4924.37166055
1561384320000,7.1697,7.1584,7.1584,7.1687,23546.66316091
1561384560000,7.17,7.17,7.17,7.17,181.29674649
1561384800000,7.1692,7.1661,7.1692,7.1661,260.7229346
1561384860000,7.1886,7.1775,7.1775,7.1886,685.17306584
1561384920000,7.1855,7.1855,7.1855,7.1855,62.56374722
1561384980000,7.1854,7.1854,7.1854,7.1854,5.7473683
1561385040000,7.1855,7.1854,7.1855,7.1854,220.33943513
1561385100000,7.1789,7.1789,7.1789,7.1789,5.35
1561385160000,7.1771,7.1771,7.1771,7.1771,1.60195261
1561385220000,7.1783,7.1749,7.1783,7.1749,62.56901153
1561385280000,7.1758,7.1751,7.1758,7.1753,109.21903814
1561385340000,7.1721,7.1691,7.1721,7.1693,176.57438932
1561385460000,7.1612,7.16,7.1601,7.16,169.8255762
1561385520000,7.162,7.1527,7.162,7.1527,368.74287078
1561385580000,7.1686,7.1541,7.1541,7.1666,295.64463023
1561385640000,7.1745,7.1659,7.1659,7.1724,107.83786577
1561385820000,7.1647,7.1615,7.1615,7.1647,379.21701031
1561385880000,7.1782,7.1694,7.1694,7.1782,5.75371589
1561385940000,7.1876,7.1858,7.1858,7.1876,34.79083749
1561386000000,7.1962,7.1875,7.1875,7.1962,137.32372716
1561386120000,7.1963,7.1963,7.1963,7.1963,37.6845
1561386240000,7.2001,7.1972,7.2,7.1972,90.16973035
1561386300000,7.2001,7.19,7.2,7.19,161
1561386360000,7.1958,7.1951,7.1958,7.1951,34.40458563
1561386420000,7.1946,7.189,7.1942,7.189,173.76992583
1561386540000,7.192,7.1887,7.1887,7.192,107.09999672
1561386600000,7.1938,7.1885,7.1885,7.1938,218.59987979
1561386660000,7.1966,7.1926,7.1927,7.1966,208.5182092
1561386720000,7.2013,7.2013,7.2013,7.2013,573.5797703
1561386780000,7.2237,7.2013,7.2013,7.2193,3087.18816782
1561386840000,7.2238,7.2156,7.2203,7.2215,2160.25660804
1561386900000,7.2201,7.2132,7.2201,7.2143,1011.66641359
1561386960000,7.2214,7.2178,7.2178,7.2194,1258.07578365
1561387020000,7.2298,7.218,7.2218,7.2189,1460.50863889
1561387080000,7.2176,7.2042,7.2176,7.2042,208.6907197
1561387140000,7.2115,7.2108,7.2108,7.2115,84.66973609
1561387200000,7.2153,7.2073,7.2095,7.2153,604.75187142
1561387260000,7.215,7.2125,7.2125,7.215,1075.66390051
1561387320000,7.2342,7.2137,7.215,7.2137,11376.63960265
1561387380000,7.2137,7.2115,7.2133,7.2137,794.30438174
1561387440000,7.2133,7.2133,7.2133,7.2133,245.56166144
1561387500000,7.2104,7.2,7.2104,7.2,1173.38571757
1561387620000,7.1975,7.1972,7.1975,7.1972,104.20429605
1561387680000,7.1992,7.1952,7.1981,7.1989,524.54224925
1561387740000,7.2004,7.1961,7.1987,7.2004,1679.07795348
1561387800000,7.2032,7.2032,7.2032,7.2032,5.34
1561387980000,7.2182,7.2177,7.2182,7.2181,113.9303066
1561388040000,7.2181,7.2132,7.2181,7.2136,65.42875945
1561388100000,7.2144,7.2144,7.2144,7.2144,1
1561388160000,7.2109,7.2107,7.2109,7.2107,104.0106507
1561388220000,7.2124,7.2082,7.2123,7.2082,397.76036488
1561388280000,7.2111,7.2111,7.2111,7.2111,1.21529697
1561388400000,7.2133,7.2133,7.2133,7.2133,1.5
1561388580000,7.2267,7.2147,7.2212,7.2236,9667.19999152
1561388640000,7.2158,7.2118,7.2158,7.2156,522.626
1561388700000,7.2175,7.2175,7.2175,7.2175,108.33295688
1561388760000,7.2136,7.21,7.2129,7.21,6227.94701681
1561388820000,7.2112,7.2096,7.21,7.2112,1833.60400687
1561388880000,7.2112,7.2078,7.2112,7.2078,6.62209792
1561388940000,7.2084,7.2001,7.2084,7.2001,53.4956452
1561389180000,7.2041,7.2001,7.2001,7.2041,1.15467997
1561389240000,7.2087,7.2083,7.2087,7.2083,749.94200529
1561389300000,7.2056,7.2056,7.2056,7.2056,13.28
1561389360000,7.2,7.1952,7.2,7.1985,1099.66938889
1561389420000,7.1945,7.1945,7.1945,7.1945,270
1561389480000,7.2002,7.1998,7.2002,7.1998,111.38690351
1561389540000,7.198,7.1897,7.198,7.1897,84.983
1561389660000,7.1851,7.1851,7.1851,7.1851,1
1561389720000,7.189,7.1815,7.189,7.1815,325.6705214
1561389780000,7.178,7.178,7.178,7.178,274.24109815
1561389960000,7.179,7.17,7.179,7.17,8275.90794256
1561390020000,7.17,7.1679,7.17,7.1679,1669.40855931
1561390080000,7.1714,7.1714,7.1714,7.1714,2.5
1561390200000,7.1776,7.1775,7.1776,7.1775,617.98625604
1561390260000,7.1708,7.168,7.1692,7.1708,825.93328364
1561390320000,7.167,7.1605,7.1669,7.1605,3132.26111348
1561390380000,7.1752,7.1632,7.1645,7.1749,1314.08826976
1561390440000,7.1803,7.17,7.1749,7.1802,592.24130711
1561390500000,7.1813,7.1732,7.1798,7.1762,351.21805949
1561390560000,7.1848,7.1846,7.1846,7.1847,99.94032939
1561390620000,7.1952,7.187,7.187,7.1952,450.17727546
1561390680000,7.1953,7.1932,7.1944,7.1939,729.77336641
1561390740000,7.1969,7.1913,7.1941,7.1913,632.22099311
1561390800000,7.1931,7.1898,7.1911,7.1918,3821.42705465
1561390860000,7.1916,7.1886,7.1916,7.1886,2235.6627788
1561390920000,7.1894,7.1894,7.1894,7.1894,2000
1561390980000,7.1877,7.1877,7.1877,7.1877,0.86109082
1561391040000,7.1769,7.1769,7.1769,7.1769,3
1561391100000,7.1832,7.1831,7.1832,7.1831,157.71774996
1561391280000,7.1746,7.1699,7.1744,7.1699,900.7200292
1561391460000,7.175,7.175,7.175,7.175,100
1561391520000,7.184,7.184,7.184,7.184,9.83
1561391580000,7.1868,7.1868,7.1868,7.1868,0.97925527
1561391640000,7.1869,7.1868,7.1868,7.1869,5.0771898
1561391700000,7.1845,7.1766,7.178,7.1841,753.6104531
1561391940000,7.1773,7.1747,7.1773,7.1747,36.3034327
