1535558400000,5.9774,5.9617,5.9729,5.9617,29213.09256964
1535558460000,5.9578,5.9301,5.9578,5.935,46181.66158561
1535558520000,5.935,5.8712,5.93,5.8801,176897.37263552
1535558580000,5.8822,5.828,5.88,5.8387,162715.83045398
1535558640000,5.8524,5.826,5.8366,5.8464,61833.69250545
1535558700000,5.8949,5.8464,5.8464,5.87,80075.96053158
1535558760000,5.901,5.8702,5.8702,5.9009,27034.42460651
1535558820000,5.9056,5.887,5.8908,5.8971,26780.7238825
1535558880000,5.8973,5.8621,5.8972,5.8631,30018.19517145
1535558940000,5.8739,5.86,5.8631,5.86,55092.57149259
1535559000000,5.8754,5.86,5.86,5.8688,22463.27424766
1535559060000,5.8886,5.8688,5.8688,5.876,16479.48596568
1535559120000,5.8945,5.8761,5.8761,5.8945,20260.69422766
1535559180000,5.9152,5.8937,5.8937,5.9002,14497.90158872
1535559240000,5.9059,5.9,5.9001,5.9008,7344.49959529
1535559300000,5.9131,5.9,5.9008,5.9041,9391.06822187
1535559360000,5.9051,5.9,5.904,5.9026,21646.65491597
1535559420000,5.94,5.9027,5.9027,5.9399,17816.17444519
1535559480000,5.9734,5.9366,5.9366,5.952,95408.32797521
1535559540000,5.9619,5.9439,5.9558,5.9544,63298.08480061
1535559600000,5.9545,5.9224,5.9544,5.931,28460.00007729
1535559660000,5.9333,5.921,5.9284,5.9252,13948.74467387
1535559720000,5.9515,5.9252,5.9259,5.9421,4750.41952201
1535559780000,5.9543,5.9434,5.9434,5.9501,6917.37829907
1535559840000,5.9581,5.944,5.9543,5.9487,8914.6712078
1535559900000,5.9504,5.9474,5.95,5.9504,4078.76072804
1535559960000,5.9783,5.9504,5.9504,5.9665,20314.90841329
1535560020000,5.98,5.9665,5.9665,5.98,34612.63136677
1535560080000,5.98,5.9607,5.9782,5.9641,37256.35799721
1535560140000,5.9749,5.9641,5.9641,5.9749,72
1535560200000,6.01,5.9726,5.9726,6.0087,41109.35178119
1535560260000,6.0369,6.0098,6.0098,6.0293,42335.67203011
1535560320000,6.036,6.0193,6.0304,6.03,57504.44043157
1535560380000,6.05,6.0242,6.03010489,6.05,30961.62127318
1535560440000,6.052,6.0337,6.04999233,6.0477,31024.45650641
1535560500000,6.0622,6.0438,6.0478,6.0622,21434.83882813
1535560560000,6.0663,6.061,6.0622,6.0663,26986.7984803
1535560620000,6.0704,6.0531,6.0663,6.0531,34840.30597551
1535560680000,6.0574,6.0294,6.0533,6.0574,52512.66635503
1535560740000,6.0559,6.0384,6.0541,6.03846872,8310.58854489
1535560800000,6.0635,6.0399,6.0399,6.05391238,8678.36510125
1535560860000,6.05531635,6.037,6.05531635,6.0405,4865.13150926
1535560920000,6.0405,6.0205,6.0366,6.0238,12737.4827816
1535560980000,6.024,6.0236,6.0236,6.0236,3985.39989311
1535561040000,6.0239,6.022,6.0237,6.022,9324.31769701
1535561100000,6.0239,6.02,6.022,6.021,10353.48439438
1535561160000,6.0362,6.024,6.024,6.0283,2320.53386405
1535561220000,6.0408,6.03,6.0321,6.0408,7834.33127067
1535561280000,6.075,6.0421,6.0421,6.0573,15723.77950859
1535561340000,6.0733,6.054,6.0578,6.0729,3058.35453024
1535561400000,6.0888,6.0729,6.0729,6.0888,22662.19181411
1535561460000,6.0879,6.0666,6.0867,6.0688,10368.07183138
1535561520000,6.0706,6.0647,6.0706,6.0669,13459.4766785
1535561580000,6.0755,6.0669,6.0669,6.0755,2409.36635765
1535561640000,6.085,6.0788,6.0788,6.085,4346.08110598
1535561700000,6.085,6.0757,6.0848,6.0757,10113.67324033
1535561760000,6.0763,6.065,6.0762,6.0758,13270.96559217
1535561820000,6.08,6.0748,6.0793,6.0793,19594.05994272
1535561880000,6.0793,6.0788,6.0788,6.0793,230.71108279
1535561940000,6.0788,6.0750889,6.0787,6.0788,13087.45929101
1535562000000,6.099,6.0785,6.0788,6.099,54460.83583768
1535562060000,6.14,6.098967,6.098967,6.1084,93501.94887965
1535562120000,6.1288,6.1059,6.1059,6.1222,8129.2902659
1535562180000,6.1347,6.1212,6.1222,6.1347,12091.3215
1535562240000,6.138,6.13,6.1353,6.1337,8121.22217061
1535562300000,6.1439,6.1239,6.1337,6.12963449,21481.01524078
1535562360000,6.1432,6.1243,6.13,6.1431,27669.78658358
1535562420000,6.15,6.1432,6.14321246,6.1475,19725.44610032
1535562480000,6.1473,6.1381,6.1473,6.1391,10919.09093341
1535562540000,6.1388,6.1305,6.1383,6.1352,13609.30505352
1535562600000,6.1353,6.1197,6.1352,6.1197,25767.62175522
1535562660000,6.1198,6.103,6.1198,6.103,20590.71804746
1535562720000,6.111,6.089,6.1031,6.10376611,32102.83203746
1535562780000,6.1124,6.1031,6.104,6.1031,5624.329477
1535562840000,6.1029,6.0932,6.1029,6.0944,8740.26980251
1535562900000,6.0951,6.0851,6.0944,6.0873,4809.02777773
1535562960000,6.0851,6.0546,6.0851,6.055,58288.30269974
1535563020000,6.0761,6.0508,6.0547,6.0703,11494.93200585
1535563080000,6.0706,6.0492,6.06619259,6.0492,21723.92623169
1535563140000,6.0587,6.0499,6.05,6.05,28786.60999975
1535563200000,6.0669,6.0499,6.05,6.061,5261.42035072
1535563260000,6.078,6.0515,6.0609,6.078,11797.79781672
1535563320000,6.0806,6.0678,6.0748,6.0806,7871.52181062
1535563380000,6.0852,6.0761,6.0802,6.0852,2533.24779386
1535563440000,6.09,6.0754,6.0852,6.0812,4733.11437434
1535563500000,6.0778,6.0727,6.0778,6.0727,512.15942783
1535563560000,6.078,6.0717,6.0718,6.078,3654.97845158
1535563620000,6.0904,6.077,6.077,6.0904,1913.86387248
1535563680000,6.0936,6.09,6.0926,6.0936,2608.64012152
1535563740000,6.09040429,6.0894,6.09040429,6.0894,1563.57
1535563800000,6.099,6.0949,6.0949,6.099,1103.17996903
1535563860000,6.1101,6.1,6.1,6.11,2484.93807963
1535563920000,6.119,6.1101,6.1101,6.1135,5523.88566402
1535563980000,6.1333,6.1104,6.1171,6.1273,38352.18934804
1535564040000,6.135,6.12,6.1248,6.127,21589.69665524
1535564100000,6.1282,6.0887,6.128,6.1,40227.25195426
1535564160000,6.1145,6.0989,6.0989,6.1101,16047.91389905
1535564220000,6.11637716,6.0941,6.1124,6.097,5352.05244997
1535564280000,6.0916,6.0728,6.0916,6.0812,18528.91547316
1535564340000,6.089,6.08,6.0802,6.089,5404.03853426
1535564400000,6.09,6.0814,6.0897,6.0894,15577.0319
1535564460000,6.0895,6.0894,6.0895,6.0894,300
1535564520000,6.088,6.0864,6.088,6.0864,306.6
1535564580000,6.0861,6.0836,6.0836,6.0861,753.52258114
1535564640000,6.1,6.0859,6.0859,6.1,9639.52876998
1535564700000,6.1002,6.0954,6.1002,6.0964,1309.3583192
1535564760000,6.0999,6.0966,6.0969,6.0966,644.13980111
1535564820000,6.0967,6.0964,6.0967,6.0964,63.03678634
1535564880000,6.0964,6.0717,6.0964,6.0814,32810.39506622
1535564940000,6.0839,6.0828,6.083,6.0838,561.45
1535565000000,6.0839,6.0838,6.0839,6.0838,118
1535565060000,6.0838,6.0819,6.0838,6.0819,1638.11512528
1535565120000,6.08,6.0736,6.08,6.0736,2175
1535565180000,6.0776,6.0694,6.0733,6.0776,1882.56404766
1535565240000,6.0839,6.07947253,6.083,6.07947253,341.69906764
1535565300000,6.0809,6.0678,6.0802,6.0775,9657.58394282
1535565360000,6.1009,6.0778,6.0778,6.1009,12718.57002122
1535565420000,6.0989,6.0914,6.0989,6.0916,244.2447
1535565480000,6.1,6.0886,6.0886,6.1,407.957754
1535565540000,6.1005,6.0891,6.0973,6.0891,1131.38719535
1535565600000,6.0948,6.089,6.089,6.0948,836.20987116
1535565660000,6.1,6.0952,6.0965,6.1,3584.71433203
1535565720000,6.0983,6.0873,6.0967,6.0873,944.65525618
1535565780000,6.0924,6.0878,6.0878,6.0924,1433.81911486
1535565840000,6.0886,6.0818,6.0884,6.0885,5729.6028698
1535565900000,6.0861,6.0799,6.0861,6.0799,208.99819828
1535565960000,6.0798,6.0669,6.0798,6.0714,8368.93871859
1535566020000,6.081,6.0638,6.0716,6.081,21234.76522677
1535566080000,6.081,6.08,6.0807,6.081,3478.3557303
1535566140000,6.0803,6.05,6.0803,6.0599,19202.99700036
1535566200000,6.0632,6.025,6.06,6.0267,28979.03477912
1535566260000,6.063,6.0251,6.0266,6.043,14390.94606536
1535566320000,6.0579,6.037,6.043,6.0383,2852.85893184
1535566380000,6.055,6.0382,6.03824614,6.05,3009.84163616
1535566440000,6.0503,6.0364,6.0503,6.0453,2393.12274508
1535566500000,6.0452,6.0451,6.0452,6.0451,205
1535566560000,6.0445,6.03,6.0445,6.0336,2732.985427
1535566620000,6.0326,6.0284,6.0312,6.0284,4002.14747857
1535566680000,6.0295,6.0215,6.0295,6.0215,4587.67369642
1535566740000,6.0215,6.0157,6.0215,6.02,3774.90572345
1535566800000,6.0205,6.0151,6.0171,6.0166,4329.69753553
1535566860000,6.0363,6.014,6.0151,6.0362,15508.8435396
1535566920000,6.058,6.0362,6.0363,6.054,5641.30500518
1535566980000,6.0902,6.0581,6.0581,6.0717,14378.54405904
1535567040000,6.08,6.0523,6.0749,6.0651,15807.85281622
1535567100000,6.0874,6.0651,6.0651,6.0758,12122.75623092
1535567160000,6.0757,6.0668,6.0738,6.0697,1433.19729909
1535567220000,6.0707,6.0663,6.0665,6.0676,1642.00062424
1535567280000,6.067,6.0658,6.0658,6.067,1933.6
1535567340000,6.067,6.0669,6.0669,6.067,1002.67402868
1535567400000,6.0676,6.0675,6.0676,6.0675,165.17535108
1535567460000,6.0676,6.0621,6.0675,6.0621,1598.98994612
1535567520000,6.0591,6.0552,6.0591,6.0552,110.34447013
1535567580000,6.06,6.053,6.053,6.053,2330.57189529
1535567640000,6.0491,6.0257,6.0491,6.04547824,10976.13040658
1535567700000,6.05121099,6.0417,6.046,6.0417,1046.07429441
1535567760000,6.04,6.0295,6.04,6.0295,2135.57325074
1535567820000,6.028,5.9754,6.028,5.9806,25851.72868022
1535567880000,5.9938,5.978,5.9803,5.9861,7717.33332522
1535567940000,5.9953,5.9825,5.9897,5.99243049,5190.78101274
1535568000000,6.0139,5.9925,5.9925,6.0089,4506.93983696
1535568060000,6.04308886,5.9897,6.0111,5.99,49744.58818405
1535568120000,6.0287,5.9899,5.9899,6.0192,5248.48938277
1535568180000,6.023,6.0187,6.023,6.0219,5855.48074703
1535568240000,6.0185,6.01,6.0185,6.0103,8089.81126687
1535568300000,6.022,6.01150049,6.01150049,6.0219,2777.79760273
1535568360000,6.022,6.0219,6.02191295,6.0219,6346.836998
1535568420000,6.0207,6.01,6.0207,6.0143,2804.49240324
1535568480000,6.022,6.0139,6.0144,6.022,3203.5614428
1535568540000,6.0219,6.0126,6.0219,6.0153,628.22937852
1535568600000,6.0153,6,6.0153,6.015,11545.94651288
1535568660000,6.0166,6.0017,6.0166,6.0017,561.2
1535568720000,6.0314,6,6,6.0311,9596.85008218
1535568780000,6.0263,6.0053,6.025,6.0263,3248.31003057
1535568840000,6.0256,6.0111,6.0256,6.0111,509.8698139
1535568900000,6.025,6.01,6.01,6.025,3902.61648789
1535568960000,6.0748,6.0249,6.0249,6.0748,17036.56517367
1535569020000,6.0762,6.0426,6.0712,6.0597,9720.28651268
1535569080000,6.0638,6.0603,6.0604,6.0615,1446.65325547
1535569140000,6.08,6.0527,6.06157391,6.0611,21936.04943749
1535569200000,6.0673,6.0394,6.0612,6.0394,10280.76901081
1535569260000,6.0635,6.0359,6.0384,6.0606,6605.67032537
1535569320000,6.0606,6.0539,6.0606,6.0563,1071.119491
1535569380000,6.0549,6.0438,6.0549,6.0443,8780.52229
1535569440000,6.074,6.0309,6.0439,6.0739,11221.62086893
1535569500000,6.0788,6.0528,6.074,6.0663,6017.55553396
1535569560000,6.0664,6.0628,6.066,6.0664,1115.55751294
1535569620000,6.0667,6.0616,6.0664,6.063,732.3890878
1535569680000,6.0682,6.063,6.0651,6.063,3081.44807889
1535569740000,6.0668,6.0661,6.0668,6.0661,90
1535569800000,6.0662,6.0662,6.0662,6.0662,953.27364457
1535569860000,6.0768,6.0662,6.0662,6.0688,8012.98474986
1535569920000,6.09,6.0719,6.0742,6.0889,12693.89550491
1535569980000,6.0901,6.08,6.0874,6.0842,24220.63866133
1535570040000,6.0901,6.0838,6.0845,6.0901,4180.50386249
1535570100000,6.0964,6.089,6.0918,6.089,5054.00891296
1535570160000,6.0892,6.0872,6.089,6.0879474,3839.1672141
1535570220000,6.08759641,6.08759641,6.08759641,6.08759641,183.9400487
1535570280000,6.08981932,6.0881,6.0882,6.08981932,555
1535570340000,6.0891,6.089,6.0891,6.089,160.92155297
1535570400000,6.0907,6.0901,6.0901,6.0907,3398.453
1535570460000,6.0911,6.0869,6.0911,6.0899,158.9
1535570520000,6.0876,6.0725,6.087,6.0756,4523.4168
1535570580000,6.0868,6.0724,6.0766,6.085,1900.26376308
1535570640000,6.085,6.0823,6.085,6.0823,578
1535570700000,6.0833,6.0822,6.0822,6.0833,248.94069168
1535570760000,6.0943,6.0832,6.0832,6.0943,454.28120917
1535570820000,6.0931,6.09,6.0931,6.09,1182.25201777
1535570880000,6.0958,6.0903,6.0903,6.0958,1355.18398312
1535570940000,6.09465674,6.09465674,6.09465674,6.09465674,34.59869758
1535571000000,6.099,6.0977,6.0977,6.0989,251
1535571060000,6.10834865,6.0979,6.0979,6.10834865,4759.29280492
1535571120000,6.1176,6.1063,6.10659328,6.1131,7653.28531774
1535571180000,6.125,6.1153,6.1153,6.1244,8541.11942251
1535571240000,6.1301,6.1222,6.1233,6.1259,22936.59907041
1535571300000,6.1329,6.1268,6.1268,6.1329,3172.75212561
1535571360000,6.1481,6.1325,6.1328,6.1361,22833.1932688
1535571420000,6.1361,6.1273,6.1313,6.1361,5011.19891219
1535571480000,6.1388,6.1302,6.136,6.1302,2606.60000046
1535571540000,6.13,6.109,6.13,6.1139,3516.34834231
1535571600000,6.1286,6.1152,6.1153,6.1202,2118.27768576
1535571660000,6.1178,6.1177,6.1177,6.1178,243
1535571720000,6.1329,6.1178,6.1178,6.1306,2456.90522377
1535571780000,6.1309,6.11600142,6.1309,6.122,1248.15
1535571840000,6.122,6.122,6.122,6.122,10
1535571900000,6.13,6.1221,6.1221,6.13,1446.07551102
1535571960000,6.1333,6.1319,6.1319,6.132,422.05364973
1535572020000,6.133,6.13,6.132,6.13,996.18744868
1535572080000,6.1343,6.13,6.1343,6.13,10213.7061
1535572140000,6.1301,6.13,6.1301,6.13,1050
1535572200000,6.1307,6.13,6.13,6.1307,1810
1535572260000,6.13,6.13,6.13,6.13,380
1535572320000,6.13,6.1284,6.13,6.1284,131.52449402
1535572380000,6.1283,6.1239,6.1283,6.1239,295.2
1535572440000,6.1239,6.0989,6.1239,6.0989,2422.69703794
1535572500000,6.0988,6.0808,6.0988,6.0908,13104.72246409
1535572560000,6.1062,6.0789,6.0871,6.1062,6796.26344368
1535572620000,6.1035,6.0991,6.1008,6.1035,4912.00002197
1535572740000,6.106,6.1059,6.106,6.106,3051.41210861
1535572800000,6.1066,6.0941,6.1055,6.0995,7084.08712623
1535572860000,6.12,6.0959,6.0972,6.12,7105.22016381
1535572920000,6.12,6.1142,6.12,6.1142,832.06493771
1535572980000,6.1208,6.119,6.12,6.1208,331.02406187
1535573040000,6.1267,6.12,6.1209,6.1201,1269.33897297
1535573100000,6.1279,6.12,6.1216,6.125,1538.92705878
1535573160000,6.1336,6.1279,6.1282,6.1286,366.39160725
1535573220000,6.167,6.1271,6.1271,6.167,22019.47292338
1535573280000,6.1893,6.167,6.167,6.1849,72331.44545465
1535573340000,6.22,6.1871,6.1871,6.22,23476.31652472
1535573400000,6.228,6.1733,6.22,6.217,30328.01517159
1535573460000,6.2248,6.1808,6.217,6.1808,9814.24537274
1535573520000,6.1825,6.181,6.181,6.1822,267.94955819
1535573580000,6.19,6.1774,6.1811,6.1774,4157.58020568
1535573640000,6.187,6.1694,6.174,6.1694,13344.12935645
1535573700000,6.1898,6.1729,6.1737,6.1898,341.80565721
1535573760000,6.1894,6.1846,6.1894,6.1849,670.43181111
1535573820000,6.1881,6.1848,6.1854,6.1881,2425.0020687
1535573880000,6.19,6.1877,6.1881,6.19,2195.92382977
1535573940000,6.1957,6.1894,6.19,6.1906,2715.86626659
1535574000000,6.223,6.1885,6.1906,6.1896,57768.84993105
1535574060000,6.2087,6.1874,6.1883,6.2059,7547.24982471
1535574120000,6.2059,6.1919,6.2059,6.1964,10342
1535574180000,6.1964,6.1781,6.1964,6.1860909,18955.66122475
1535574240000,6.1862,6.1715,6.1862,6.1808,19901.58851694
1535574300000,6.19,6.1806,6.1808,6.19,2271.39362889
1535574360000,6.2,6.1891,6.19,6.2,5997.68552881
1535574420000,6.203,6.1975,6.2012,6.2027,1853.32
1535574480000,6.21,6.2005,6.2047,6.21,3590.92973464
1535574540000,6.2279,6.2099,6.2101,6.2245,6145.54097731
1535574600000,6.2217,6.2083,6.2217,6.2138,5579.46764199
1535574660000,6.24,6.2139,6.2139,6.24,23792.44066484
1535574720000,6.261,6.2364,6.2399,6.25330048,27481.53059582
1535574780000,6.2587,6.2353,6.2532,6.24,7298.13566412
1535574840000,6.238,6.2267,6.2373,6.233,7172.90819791
1535574900000,6.2362,6.2326,6.2337,6.2339,1718.84028888
1535574960000,6.2339,6.2224,6.232,6.2281,3474.58214063
1535575020000,6.22730653,6.1966,6.22730653,6.1966,57729.62245081
1535575080000,6.247,6.1871,6.193,6.2125,26700.45932936
1535575140000,6.239,6.2144,6.2144,6.2372,4107.72833929
1535575200000,6.2463,6.2331,6.23878343,6.2367,1413.8607016
1535575260000,6.2374,6.21771121,6.2374,6.2329,6111.37428982
1535575320000,6.2327,6.22567183,6.2289,6.2311,4972.65362517
1535575380000,6.2287,6.226,6.2287,6.226,17269.24723004
1535575440000,6.247,6.2234,6.2249,6.236,10132.20428324
1535575500000,6.2421,6.2314,6.2321,6.2421,2870.07128771
1535575560000,6.2472,6.2411,6.2438,6.242,1527.14247905
1535575620000,6.25,6.2363,6.2421,6.2386,9711.49947313
1535575680000,6.2396,6.2331,6.2389,6.2368,2316.97943951
1535575740000,6.24,6.237,6.2396,6.2399,10540.39429164
1535575800000,6.2758,6.24,6.24,6.2734,56403.65765126
1535575860000,6.2712,6.2479,6.2699,6.2568,4934.48631869
1535575920000,6.2601,6.253,6.2573,6.2601,14082.58548694
1535575980000,6.2597,6.2486,6.2597,6.2507,6266.91554595
1535576040000,6.2515,6.248,6.2515,6.2498,3749.9111596
1535576100000,6.253,6.248,6.25,6.2513,2800.32371059
1535576160000,6.253,6.24,6.252,6.2465,21665.36040186
1535576220000,6.2465,6.2352714,6.246,6.2352714,3321.574584
1535576280000,6.24,6.227,6.2389,6.2324,3702.07896741
1535576340000,6.2449,6.2169,6.2337,6.2449,9037.45581788
1535576400000,6.249,6.2143,6.246,6.228,10348.81878461
1535576460000,6.228,6.2211,6.2275,6.228,1891.07005271
1535576520000,6.228,6.2207,6.227,6.2207,651.46089149
1535576580000,6.221,6.2137,6.221,6.2181,1691.87459814
1535576640000,6.222,6.2091,6.217,6.2163,8976.52735854
1535576700000,6.2199,6.205,6.2165,6.2199,6597.76496957
1535576760000,6.2235,6.2204,6.2235,6.2205,102.6279479
1535576820000,6.2205,6.2159,6.2204,6.2205,178.10313789
1535576880000,6.2205,6.219,6.219,6.2205,115.63996505
1535576940000,6.2224,6.2192,6.2205,6.2208,1318.0955
1535577000000,6.2285,6.2224,6.2224,6.2285,3022.57554275
1535577060000,6.2305,6.2286,6.2286,6.23,323.51059276
1535577120000,6.23,6.23,6.23,6.23,39
1535577180000,6.237,6.2354,6.2355,6.237,1156.15
1535577240000,6.24191518,6.237,6.2376,6.2387,2686.93277073
1535577300000,6.2398,6.2377,6.2398,6.2377,805
1535577420000,6.2396,6.2387,6.2396,6.2387,200
1535577480000,6.2401,6.2398,6.2398,6.2401,148.8013
1535577540000,6.246,6.2401,6.2401,6.246,482.6987
1535577600000,6.246,6.2213,6.246,6.23,25118.06150706
1535577660000,6.2315,6.23,6.2315,6.23,180.10007072
1535577720000,6.246,6.23,6.23,6.2451,10195.8127635
1535577780000,6.2455,6.245,6.245,6.2455,15666.79270361
1535577840000,6.2456,6.245,6.245,6.2456,103.80226283
1535577900000,6.2455,6.2455,6.2455,6.2455,499.2
1535577960000,6.2455,6.245,6.2455,6.245,466.32818243
1535578020000,6.2456,6.245,6.2452,6.245,155.82376456
1535578080000,6.2451,6.24500286,6.24500286,6.2451,10.5
1535578140000,6.2451,6.245,6.245,6.2451,288.24326637
1535578200000,6.2455,6.245,6.245,6.2454,205
1535578260000,6.2455,6.2454,6.2455,6.2454,809.41896953
1535578320000,6.2684,6.2454,6.2454,6.2684,8153.07913357
1535578380000,6.2758,6.262,6.262,6.2747,1539.02915242
1535578440000,6.2769,6.27543945,6.27543945,6.2758,8438.35145089
1535578500000,6.2844,6.2767,6.2767,6.28,13946.74087365
1535578560000,6.2842,6.28,6.28,6.2835,356.44576688
1535578620000,6.2986,6.2842,6.2842,6.2945,34176.37347562
1535578680000,6.296,6.2917,6.2948,6.2947,2122.2055615
1535578740000,6.2912,6.28,6.2912,6.2836,3589.74058336
1535578800000,6.2906,6.2856,6.2856,6.2906,3970.76086922
1535578860000,6.325,6.2935,6.2936,6.3204,95169.37421369
1535578920000,6.3325,6.3173,6.3204,6.3218,30357.20597237
1535578980000,6.3376,6.3218,6.3218,6.3365,6436.3962262
1535579040000,6.3373,6.3267,6.3361,6.3267,4132.08028072
1535579100000,6.325,6.3194,6.3246,6.32,12498.43108887
1535579160000,6.3216,6.3194,6.3194,6.3216,1209.25718251
1535579220000,6.3282,6.3208,6.3219,6.3227,6748.21563026
1535579280000,6.3223,6.3179,6.3207,6.3179,2206.94849215
1535579340000,6.33,6.318,6.318,6.3217,16158.29254197
1535579400000,6.3217,6.292,6.3217,6.2988,17059.30761167
1535579460000,6.3019,6.2906,6.2965,6.2906,6926.3159
1535579520000,6.3099,6.2943,6.2943,6.3019,5052.53148061
1535579580000,6.3017,6.2911,6.3017,6.29122712,1722.79067031
1535579640000,6.2926,6.2912,6.2921,6.2913,529.60812394
1535579700000,6.2913,6.27,6.2912,6.27,20296.779481
1535579760000,6.2822,6.269,6.2773,6.27307958,20992.41236426
1535579820000,6.2758,6.2684,6.2736,6.2684,1981.52912421
1535579880000,6.2683,6.262,6.2683,6.263,6162.68974275
1535579940000,6.2657,6.25,6.26500099,6.2551,8508.29561633
1535580000000,6.2553,6.252,6.2552,6.252,81.81535574
1535580060000,6.251,6.251,6.251,6.251,404.62422513
1535580120000,6.2511,6.245,6.2511,6.2462,1911.92804015
1535580180000,6.24754114,6.245,6.2455,6.245,1105
1535580240000,6.245,6.2363,6.245,6.2411,2679.02164067
1535580300000,6.2463,6.2362,6.2439,6.2364,14332.97295057
1535580360000,6.2391,6.2391,6.2391,6.2391,30
1535580420000,6.2391,6.2307,6.2391,6.2375,13811.95397748
1535580480000,6.2444,6.2357,6.2374,6.2443,2733.18126753
1535580540000,6.2598,6.2452,6.2452,6.2582,13613.62844314
1535580600000,6.2709,6.251,6.2569,6.2709,4593.26073166
1535580660000,6.2735,6.265,6.2733,6.2652,2090.2050304
1535580720000,6.2678,6.2513,6.2655,6.2581,6348.03920298
1535580780000,6.25362979,6.2499,6.25362979,6.2499,9244.69299736
1535580840000,6.2596,6.25,6.25,6.2596,3388.91500264
1535580900000,6.2571,6.2372,6.2571,6.2395,15946.72521479
1535580960000,6.2396,6.2393,6.23957906,6.2394,1227.47033429
1535581020000,6.2393,6.23372459,6.2393,6.2351,1256.98
1535581080000,6.2337,6.2336,6.2337,6.2337,2818.79088707
1535581140000,6.244,6.2337,6.2337,6.244,2111.69392
1535581200000,6.245,6.2402,6.2403,6.2411,2149.94976463
1535581260000,6.2411,6.2317,6.2411,6.2317,3084.33326597
1535581320000,6.2316,6.2301,6.2316,6.2302,322
1535581380000,6.2319,6.2317,6.2319,6.2318,3314.48077722
1535581440000,6.2317,6.1948,6.2317,6.2103,131206.85710936
1535581500000,6.2298,6.21,6.21,6.2246,17343.57002804
1535581560000,6.223,6.2131,6.2203,6.223,3829.01497362
1535581620000,6.2237,6.2237,6.2237,6.2237,4.3086
1535581680000,6.2202,6.2199,6.22,6.2201,3036
1535581740000,6.2173,6.213,6.2173,6.2131,1557.02883131
1535581800000,6.2196,6.211,6.2131,6.2173,7838.88885415
1535581860000,6.2165,6.2135,6.215,6.2135,90.99914776
1535581920000,6.2135,6.211,6.2135,6.2116,559.49136318
1535581980000,6.2112,6.2089,6.2112,6.2089,125.25419122
1535582040000,6.2085,6.1931,6.2085,6.2056,6881.22212791
1535582100000,6.2136,6.2076,6.2082,6.2117,4154.22238116
1535582160000,6.2127,6.2103,6.2126,6.2103,597.98872036
1535582220000,6.2102,6.1957,6.2102,6.2002,2827.64091694
1535582280000,6.1986,6.196,6.1986,6.196,150
1535582340000,6.2058,6.1977,6.1977,6.2058,328.15824393
1535582400000,6.2078,6.2017,6.2023,6.2077,39.097
1535582460000,6.2102,6.2051,6.2051,6.21,2708.41227011
1535582520000,6.21,6.2052,6.21,6.2056,681.85678202
1535582580000,6.218,6.2079,6.2079,6.218,2149.02256895
1535582640000,6.2158,6.2145,6.2146,6.2145,798.12495494
1535582700000,6.228,6.2153,6.2158,6.228,8012.17493613
1535582760000,6.25,6.2215,6.2239,6.25,8775.46616217
1535582820000,6.2482,6.2391,6.2453,6.2391,657.2
1535582880000,6.2433,6.2391,6.241,6.2433,1256.8
1535582940000,6.24,6.239,6.24,6.24,848.17788793
1535583000000,6.2409,6.23990916,6.23990916,6.2409,165.2521552
1535583060000,6.2594,6.2443,6.2443,6.2594,5606.4801929
1535583120000,6.2594,6.25,6.2594,6.25,2000
1535583180000,6.2593,6.252,6.252,6.2593,4321.66123752
1535583240000,6.2707,6.2597,6.2597,6.2622,2012.8252
1535583300000,6.28,6.27,6.27,6.2767,4275.26033517
1535583360000,6.2745,6.26,6.2745,6.2723,1507.0887025
1535583420000,6.266,6.2604,6.266,6.2604,31.70665584
1535583480000,6.261,6.25,6.261,6.25,772.73050474
1535583540000,6.255,6.2501,6.2501,6.2532,583.31962088
1535583600000,6.2581,6.2563,6.2563,6.2563,30.73066189
1535583660000,6.258,6.258,6.258,6.258,100
1535583720000,6.2582,6.2498,6.2568,6.25,21216.71415125
1535583780000,6.25271451,6.2296,6.25271451,6.2296,2992.46292764
1535583840000,6.239,6.2301,6.2301,6.2303,709.60770467
1535583900000,6.2403,6.2162,6.2292,6.2403,10201.13511776
1535583960000,6.2438,6.2269,6.243,6.2269,6544.74353637
1535584020000,6.2253,6.217,6.2253,6.2215,1096.6
1535584080000,6.2377,6.2161,6.2161,6.2376,3267.65084707
1535584140000,6.2394,6.22,6.2394,6.22,153.82100637
1535584200000,6.2215,6.2078,6.2178,6.2148,8594.35433607
1535584260000,6.2073,6.2,6.2073,6.20553614,3099.5179524
1535584320000,6.20401426,6.1926,6.20401426,6.1969,2271.00744776
1535584380000,6.1941,6.188,6.1933,6.191,9584.42296953
1535584440000,6.1922,6.1496,6.1922,6.1499,83991.53700477
1535584500000,6.1643,6.142,6.1496,6.1573,11317.67028335
1535584560000,6.1552,6.115,6.1552,6.1259,59277.64810689
1535584620000,6.1479,6.13,6.1306,6.13,6733.42462511
1535584680000,6.1497,6.13,6.13,6.143,5198.62845483
1535584740000,6.167,6.132,6.1382,6.1614,12766.8944196
1535584800000,6.1594,6.1561,6.1582,6.1594,5296.96654425
1535584860000,6.1581,6.15,6.1581,6.151,5043.47063338
1535584920000,6.1529,6.15,6.1529,6.15,293
1535584980000,6.1501,6.15,6.1501,6.15,1039.95435217
1535585040000,6.1501,6.15,6.1501,6.15,3298.19769634
1535585100000,6.15,6.1299,6.15,6.1348,51412.45355894
1535585160000,6.1512,6.1364,6.1364,6.1425,13339.82640425
1535585220000,6.1425,6.133,6.1425,6.1348,947.09736147
1535585280000,6.1406,6.135,6.135,6.1406,222.966
1535585340000,6.1754,6.1417,6.1417,6.1641,24923.06081946
1535585400000,6.1752,6.1591,6.1609,6.1664,9538.38839101
1535585460000,6.22,6.1696,6.1696,6.2193,20252.97155329
1535585520000,6.2151,6.1852,6.2151,6.188,9451.62535561
1535585580000,6.194,6.1852,6.1852,6.1903,467.523276
1535585640000,6.1875,6.1608,6.1875,6.1817,39276.74370768
1535585700000,6.1808,6.1734,6.1808,6.1745,1052.4919
1535585760000,6.1787,6.1687,6.1772,6.1742,2309.50384826
1535585820000,6.1709,6.1701,6.1705,6.1705,462.13891735
1535585880000,6.1728,6.168,6.168,6.1728,105.2217016
1535585940000,6.1721,6.1666,6.1721,6.1671,10349.78182202
1535586000000,6.1678,6.1663,6.1678,6.167,242.56268317
1535586060000,6.173,6.167,6.167,6.173,1007
1535586120000,6.1725,6.165,6.1725,6.1675,400.03765988
1535586180000,6.167,6.166,6.167,6.166,2298.89906006
1535586240000,6.1658,6.1627,6.1658,6.1627,1819.53876595
1535586300000,6.1626,6.1584,6.1626,6.1586,447.69930953
1535586360000,6.1571,6.155,6.1569,6.1555,3516.42851308
1535586420000,6.1555,6.1311,6.1555,6.1311,13435.36630022
1535586480000,6.1363,6.1175,6.131,6.1363,6302.99714239
1535586540000,6.1369,6.13242619,6.1369,6.13242619,1284.01
1535586600000,6.1472,6.1319,6.13242619,6.1472,6974.94108493
1535586660000,6.1553,6.146,6.1461,6.1502,11967.23982471
1535586720000,6.1502,6.138,6.1502,6.138,751.47103171
1535586780000,6.1368,6.1353,6.1353,6.1367,700.0338191
1535586840000,6.1377,6.1341,6.1377,6.1375,1848
1535586900000,6.1403,6.1379,6.1379,6.14,7107.05303711
1535586960000,6.1401,6.13,6.14,6.13,6202.79518955
1535587020000,6.13008423,6.1186,6.13008423,6.1261,8381.34963061
1535587080000,6.13,6.124,6.1243,6.128,7763.1076
1535587140000,6.13,6.125,6.1279,6.125,3023.82939488
1535587200000,6.1287,6.1244,6.1285,6.1244,1154.7271033
1535587260000,6.1245,6.1245,6.1245,6.1245,2.006
1535587380000,6.1483,6.1274,6.1274,6.1483,8432.04125422
1535587440000,6.1592,6.141,6.141,6.1553,7278.76402971
1535587500000,6.1549,6.1488,6.1549,6.151,789.2557749
1535587560000,6.1568,6.1543,6.1543,6.1568,999
1535587620000,6.17,6.1577,6.1577,6.17,1648.75697481
1535587680000,6.1701,6.1695,6.1701,6.1695,239.30905052
1535587740000,6.1637,6.1629,6.1636,6.163,99.55641
1535587800000,6.1628,6.1561,6.1628,6.1561,651.03624
1535587860000,6.1562,6.1517,6.1562,6.1531,856.2742798
1535587980000,6.153,6.1502,6.153,6.1502,254
1535588100000,6.1497,6.1478,6.1497,6.1478,732.41606
1535588160000,6.1417,6.1366,6.1417,6.1409,298.62999726
1535588220000,6.158,6.1456,6.1456,6.158,901.87592
1535588280000,6.1696,6.161,6.161,6.1696,2283.62435567
1535588340000,6.1792,6.1704,6.1706,6.1704,3276.78297828
1535588400000,6.1756,6.1704,6.1704,6.1756,4945.8185067
1535588460000,6.1726,6.17,6.1726,6.17,657.85
1535588580000,6.1725,6.1725,6.1725,6.1725,17
1535588640000,6.1728,6.1726,6.1726,6.1728,29.2
1535588700000,6.18,6.1759,6.1786,6.18,1181.60922845
1535588760000,6.1976,6.18,6.18,6.1944,6818.99507887
1535588820000,6.2005,6.1971,6.1971,6.2005,1180.37054892
1535588880000,6.2062,6.1992,6.2023,6.2022,1976.8876
1535588940000,6.2142,6.2066,6.2066,6.2142,3581.0165
1535589000000,6.22923947,6.2141,6.21413559,6.22923947,507.92325549
1535589060000,6.23403993,6.2271,6.2271,6.23403993,3274.81514824
1535589120000,6.2462,6.23403993,6.23403993,6.2446,2005.15295176
1535589180000,6.2468,6.2451,6.2451,6.2468,1079.56012349
1535589240000,6.2531,6.246,6.246,6.2531,14548.99841795
1535589300000,6.274,6.2531,6.2531,6.2617,5403.73157811
1535589360000,6.2595,6.2471,6.2595,6.2471,5008.46925
1535589420000,6.2508,6.2474,6.2474,6.2508,8900.19801616
1535589480000,6.2519,6.25,6.2519,6.25,3566.4727463
1535589540000,6.252,6.244,6.252,6.246,10960.26014878
1535589600000,6.244,6.2421,6.2437294,6.2435,5594.3362483
1535589660000,6.244,6.24,6.2439,6.241,4989.9601848
1535589720000,6.241,6.2409,6.241,6.2409,2135.74332119
1535589780000,6.241,6.2358,6.2409,6.241,4642.53333388
1535589840000,6.2408,6.2403,6.2408,6.2403,2564.404
1535589900000,6.23998314,6.2393,6.2394,6.2397,3385.03040749
1535589960000,6.23998314,6.2389,6.2399,6.2399,1023
1535590020000,6.24,6.24,6.24,6.24,1130.16213207
1535590080000,6.24,6.23998314,6.24,6.23998314,43.6702939
1535590140000,6.24,6.2392,6.24,6.24,3716.3862578
1535590260000,6.24,6.231,6.24,6.231,4373.98007301
1535590320000,6.231,6.2241,6.231,6.2241,4234.35460703
1535590380000,6.2252,6.2221,6.2252,6.2221,4234.52046012
1535590440000,6.2233,6.2185,6.2216,6.2233,2351.235
1535590500000,6.2375,6.224,6.224,6.2375,3359.94
1535590560000,6.2397,6.2358,6.2358,6.2397,1300
1535590680000,6.2374,6.2359,6.2359,6.2374,889.16959304
1535590740000,6.2374,6.2374,6.2374,6.2374,1794.8175
1535590800000,6.2342,6.2341,6.2342,6.2341,1162.31430375
1535590920000,6.2332,6.2318,6.2332,6.2318,282.12882806
1535590980000,6.234,6.2339,6.2339,6.234,234.17427542
1535591040000,6.2351,6.233,6.234,6.2351,3785.3753707
1535591100000,6.2394,6.2385,6.2385,6.2394,53.02108826
1535591160000,6.2397,6.2397,6.2397,6.2397,5316.644
1535591340000,6.2419,6.2352,6.2419,6.2352,1138.03234808
1535591400000,6.2351,6.2351,6.2351,6.2351,6.59999874
1535591460000,6.2351,6.232,6.2351,6.232,26.60000126
1535591520000,6.2289,6.2211,6.2289,6.2222,4189
1535591580000,6.2226,6.204,6.2226,6.204,6417.36
1535591640000,6.2093,6.1964,6.2093,6.1964,8902.9983846
1535591700000,6.1985,6.177,6.1985,6.177,4386.18386865
1535591760000,6.1893,6.177,6.177,6.1893,2212.50952012
1535591820000,6.2,6.1893,6.1893,6.1979,1977.74362966
1535591880000,6.2,6.1985,6.1985,6.2,1329.99999999
1535591940000,6.1973,6.1973,6.1973,6.1973,30
1535592060000,6.1962,6.1919,6.1962,6.1919,2882.84728206
1535592120000,6.1919,6.1919,6.1919,6.1919,85.3665
1535592240000,6.2107,6.192,6.192,6.2071,13436.63876269
1535592300000,6.2292,6.2052,6.2084,6.214,33266.97435768
1535592360000,6.2234,6.2114,6.2114,6.2234,6044.53150389
1535592420000,6.2238,6.2073,6.2238,6.2073,443.7339134
1535592480000,6.21,6.209,6.209,6.21,802.0885
1535592540000,6.2102,6.1963,6.2102,6.1963,4958.69590205
1535592600000,6.1937,6.186,6.1937,6.186,558.66383989
1535592660000,6.187,6.1861,6.187,6.1861,800
1535592720000,6.1979,6.19141548,6.19141548,6.1934,224.18409302
1535592780000,6.1946,6.1945,6.1945,6.1946,69.39
1535592840000,6.1952,6.1952,6.1952,6.1952,4.83234066
1535592900000,6.2,6.1993,6.1993,6.2,248.63599
1535592960000,6.1998,6.1996,6.1996,6.1997,861.369822
1535593020000,6.2,6.2,6.2,6.2,0.00000906
1535593080000,6.204,6.2008,6.2009,6.2021,460.53003528
1535593140000,6.2106,6.2034,6.204,6.2106,1950
1535593200000,6.2072,6.2071,6.2072,6.2071,158.5842
1535593260000,6.2071,6.192,6.2071,6.192,2667.71815056
1535593320000,6.1986,6.1985,6.1986,6.1985,210
1535593380000,6.1985,6.192,6.1985,6.1982,771.9322
1535593500000,6.1982,6.1982,6.1982,6.1982,38.3967
1535593740000,6.1997,6.1997,6.1997,6.1997,25
1535593800000,6.2009,6.1998,6.1998,6.2009,968.994
1535593860000,6.2127,6.2024,6.2024,6.2084,2198.02
1535593920000,6.2132,6.2115,6.2115,6.2132,22.24612415
1535593980000,6.2113,6.2111,6.2111,6.2113,80.8898
1535594040000,6.2148,6.21477588,6.21477588,6.2148,46
1535594160000,6.2209,6.2209,6.2209,6.2209,134.186522
1535594220000,6.2148,6.2148,6.2148,6.2148,10
1535594340000,6.2151,6.2149,6.2151,6.2149,1000
1535594400000,6.23,6.2193,6.2193,6.2241,3804.97661606
1535594460000,6.2413,6.2243,6.2243,6.2334,13124.82161723
1535594520000,6.2328,6.2239,6.2328,6.2249,1832.9846
1535594580000,6.2252,6.221,6.2249,6.2252,1074.98751591
1535594640000,6.2286,6.2252,6.2252,6.2286,596.88588254
1535594700000,6.2289,6.226,6.2289,6.226,1824.71700157
1535594760000,6.2254,6.2217,6.2252,6.2252,2037.99
1535594820000,6.2252,6.2252,6.2252,6.2252,42.156126
1535594880000,6.2206,6.213,6.2203,6.215,13183.47282064
1535594940000,6.2138,6.2053,6.2137,6.2102,4322.46761692
1535595000000,6.2074,6.2072,6.2074,6.2072,204
1535595120000,6.2069,6.2069,6.2069,6.2069,500
1535595180000,6.2089,6.207,6.2089,6.207,300
1535595240000,6.2095,6.209,6.209,6.2094,1315.41538923
1535595300000,6.209,6.209,6.209,6.209,328.0099
1535595360000,6.209,6.2,6.209,6.2003,13612.26139407
1535595420000,6.2003,6.2,6.2003,6.2,2736.27866081
1535595480000,6.2,6.2,6.2,6.2,502.415
1535595540000,6.2001,6.1971,6.2,6.2001,1188.5449432
1535595600000,6.2005,6.195,6.2001,6.1964,4149.02032207
1535595660000,6.1965,6.1948,6.1959,6.1952,3083.63208398
1535595720000,6.1963,6.1946,6.1953,6.1963,881.76212399
1535595780000,6.1989,6.1952,6.1966,6.1989,1149.8168544
1535595840000,6.1977,6.1952,6.1977,6.1968,1388.55339547
1535595900000,6.1953,6.1953,6.1953,6.1953,315.06980323
1535595960000,6.1953,6.1809,6.1952,6.1953,4377.11373537
1535596020000,6.1952,6.1868,6.1952,6.1868,1017.4999
1535596080000,6.1837,6.1413,6.1837,6.1654,19207.06102293
1535596140000,6.169,6.1504,6.163,6.1673,3450.8662725
1535596200000,6.1657,6.1513,6.1657,6.1573,1082.95129918
1535596260000,6.1586,6.1526,6.1566,6.1586,317.57038517
1535596320000,6.1556,6.1504,6.1556,6.151,236.13985999
1535596380000,6.1505,6.115,6.1505,6.1262,11768.44952575
1535596440000,6.1372,6.1244,6.128,6.1244,3034.28606192
1535596500000,6.1213,6.0934,6.1213,6.1128,24644.50017184
1535596560000,6.1129,6.09,6.1129,6.0911,8265.28989866
1535596620000,6.0911,6.0577,6.0911,6.0577,54857.68889552
1535596680000,6.09,6.0561,6.0577,6.0842,9935.83459749
1535596740000,6.0863,6.0703,6.0833,6.0792,2707.05331707
1535596800000,6.1069,6.0794,6.0794,6.1069,26780.38518223
1535596860000,6.118,6.106,6.1069,6.1112,8643.38544474
1535596920000,6.1111,6.095,6.1111,6.1093,5712.21865748
1535596980000,6.1099,6.1043,6.1068,6.1099,3322.38364121
1535597040000,6.116,6.1008,6.1099,6.1087,8271.410044
1535597100000,6.1087,6.097,6.1087,6.097,1641.68905769
1535597160000,6.0969,6.0741,6.0969,6.0767,12343.60565329
1535597220000,6.0824,6.0679,6.0742,6.081,11946.39100396
1535597280000,6.1006,6.0771,6.0771,6.0999,6623.79953192
1535597340000,6.1239,6.0999,6.0999,6.1202,13788.21049494
1535597400000,6.1483,6.1201,6.1201,6.1323,15606.91900073
1535597460000,6.1462,6.1298,6.1313,6.1378,9294.14274386
1535597520000,6.1401,6.121,6.1336,6.121,8916.13945526
1535597580000,6.1335,6.1214,6.1214,6.1316,9937.73129086
1535597640000,6.156,6.1304,6.13155537,6.156,29962.94584824
1535597700000,6.1561,6.132,6.152,6.1345,6434.67173663
1535597760000,6.1365,6.1295,6.1323,6.13,2273.2334637
1535597820000,6.13,6.1234,6.1294,6.1234,865.54121191
1535597880000,6.1234,6.1116,6.1234,6.1211,3077.23392822
1535597940000,6.1249,6.1211,6.1211,6.1249,440.90400082
1535598000000,6.1248,6.1131,6.1248,6.1149,8540.06785746
1535598060000,6.1101,6.083,6.1101,6.083,10818.94480101
1535598120000,6.0976,6.082,6.0902,6.0975,2818.03980781
1535598180000,6.0975,6.0898,6.0957,6.0899,6725.94827057
1535598240000,6.0897,6.0835,6.0897,6.0835,2169.91056428
1535598300000,6.0836,6.0773,6.0835,6.0773,3999.44878912
1535598360000,6.08,6.0683,6.0763,6.08,6848.55345479
1535598420000,6.091,6.0789,6.079,6.0873,4889.03546776
1535598480000,6.0948,6.084,6.0901,6.0904,3702.66072087
1535598540000,6.121,6.087,6.0922,6.1064,28076.8276245
1535598600000,6.1317,6.1071,6.1071,6.1317,18913.36136227
1535598660000,6.13,6.1294,6.13,6.13,5158.90276476
1535598720000,6.1362,6.117,6.13,6.1211,2360.26966806
1535598780000,6.123,6.1186,6.1186,6.123,1370.222895
1535598840000,6.1295,6.1231,6.1231,6.1295,1027.15534317
1535598900000,6.1404,6.13,6.13,6.1355,11023.54730431
1535598960000,6.143,6.1345,6.1345,6.1382,6474.85383423
1535599020000,6.144,6.1373,6.1381,6.1373,5539.02739799
1535599080000,6.1489,6.1374,6.1374,6.1406,12944.48170619
1535599140000,6.1435,6.134,6.1385,6.134,1086.22224792
1535599200000,6.1353,6.1277,6.1347,6.1319,4408
1535599260000,6.1323,6.1305,6.1305,6.1323,128.99151098
1535599320000,6.1486,6.1331,6.1331,6.1442,9993.6506654
1535599380000,6.1443,6.1425,6.1442,6.1443,2600.8845401
1535599500000,6.1469,6.1452,6.1469,6.1452,1527.49580254
1535599560000,6.1465,6.146,6.146,6.1465,123
1535599620000,6.145,6.145,6.145,6.145,20.87484685
1535599680000,6.1451,6.145,6.145,6.145,60.69878714
1535599740000,6.145,6.1426,6.145,6.1426,326.5019493
1535599800000,6.1426,6.1233,6.1426,6.1239,4046.04915862
1535599860000,6.12,6.1115,6.1179,6.12,8505.03100568
1535599920000,6.1245,6.12,6.1204,6.1244,2367.65301617
1535599980000,6.1345,6.1268,6.1268,6.1297,2821.6291825
1535600100000,6.13,6.1297,6.1298,6.13,1241.11520979
1535600160000,6.13,6.124,6.13,6.1286,1634.20704172
1535600280000,6.1287,6.1267,6.1286,6.1267,1086.41897838
1535600340000,6.1278,6.1264,6.1264,6.1274,149.41746831
1535600460000,6.1264,6.12635484,6.12635484,6.1264,237.9
1535600520000,6.1263,6.1263,6.1263,6.1263,53.55812363
1535600580000,6.1263,6.1163,6.1263,6.1163,1430.6761
1535600640000,6.125,6.119,6.119,6.125,31
1535600760000,6.13,6.1254,6.1254,6.13,137.3960477
1535600820000,6.1349,6.1298,6.1298,6.1327,1700
1535600880000,6.1321,6.1312,6.13208707,6.13150215,529.603952
1535600940000,6.1312,6.1282,6.1312,6.1282,13
1535601000000,6.13173612,6.1282,6.13173612,6.1282,12.2954
1535601060000,6.1292,6.1292,6.1292,6.1292,2
1535601180000,6.1282,6.128,6.1282,6.128,858.93215557
1535601240000,6.1281,6.128,6.128,6.128,201.48781652
1535601300000,6.1496,6.128,6.128,6.1496,10854.05038753
1535601360000,6.1561,6.1441,6.1496,6.1481,3586.17258016
1535601420000,6.165,6.1481,6.1481,6.1569,2748.78428013
1535601480000,6.16,6.1532,6.1597,6.1532,787.09901214
1535601600000,6.1585,6.1585,6.1585,6.1585,50
1535601660000,6.1586,6.1536,6.1584,6.1537,288.51342026
1535601720000,6.1542,6.1526,6.1528,6.1526,952.46870542
1535601900000,6.152,6.1519,6.152,6.152,916.008
1535601960000,6.1532,6.152,6.152,6.1532,748.240211
1535602080000,6.1514,6.1513,6.1514,6.1513,1047.2421
1535602260000,6.1517,6.1506,6.1517,6.1506,617.13749111
1535602440000,6.1525,6.1518,6.1518,6.1525,333.05482291
1535602500000,6.1639,6.1524,6.1524,6.1639,337.19020017
1535602560000,6.1589,6.1582,6.1589,6.1582,525
1535602620000,6.158,6.1549,6.158,6.1549,225.58774947
1535602680000,6.1518,6.14,6.1518,6.14,3716.38969152
1535602740000,6.14,6.1298,6.14,6.1298,3122.89167365
1535602800000,6.1279,6.1202,6.1279,6.1202,4174.82558598
1535602860000,6.1302,6.1202,6.1203,6.1302,1025.38474021
1535602920000,6.1361,6.1303,6.1303,6.1361,100
1535602980000,6.13,6.1266,6.13,6.1266,129.0901
1535603040000,6.1262,6.1261,6.1262,6.1261,250.55969968
1535603100000,6.1239,6.1151,6.1239,6.1193,2363.83501609
1535603160000,6.1224,6.1223,6.1223,6.1224,277.33562
1535603220000,6.1252,6.1251,6.1252,6.1251,658.61655705
1535603280000,6.1239,6.1199,6.12,6.1239,20
1535603340000,6.1197,6.1196,6.1196,6.1197,997.21223774
1535603400000,6.1196,6.1151,6.1195,6.1151,3257.79657571
1535603460000,6.1151,6.09,6.1151,6.1016,13306.19978001
1535603520000,6.1025,6.0934,6.1022,6.0952,5037.17962291
1535603580000,6.0956,6.0885,6.0956,6.0899,7747.32541806
1535603640000,6.091,6.0883,6.0889,6.0888,1932.57453263
1535603700000,6.0886,6.08002431,6.0886,6.0836,11675.01680909
1535603760000,6.0912,6.0836,6.0836,6.0912,2502.22623668
1535603820000,6.0978,6.0911,6.0911,6.0978,2290.90336211
1535603880000,6.091,6.0537,6.091,6.0737,24849.36347654
1535603940000,6.0745,6.06692282,6.0731,6.0718,386.90723001
1535604000000,6.07,6.0535,6.07,6.0677,14342.25594634
1535604060000,6.0744,6.0646,6.07,6.0734,4429.78439345
1535604120000,6.0741,6.053,6.0734,6.053,2873.52950959
1535604180000,6.0573,6.0244,6.0573,6.0365,38993.52394647
1535604240000,6.04,6.0242,6.0354,6.0246,13842.95563813
1535604300000,6.0271,6.0126,6.0271,6.0126,20737.06499869
1535604360000,6.0447,6.0148,6.0148,6.0447,8184.17997834
1535604420000,6.0745,6.0442,6.0443,6.069,48749.00074351
1535604480000,6.0701,6.0466,6.0701,6.0466,2772.49035469
1535604540000,6.0572,6.0511,6.0511,6.0553,3308.15800844
1535604600000,6.0524,6.0463,6.0524,6.0463,380.44571168
1535604660000,6.0553,6.0471,6.0471,6.0552,6425.87400324
1535604720000,6.0553,6.0553,6.0553,6.0553,5
1535604780000,6.0563,6.0563,6.0563,6.0563,6
1535604840000,6.0578,6.0578,6.0578,6.0578,10
1535604900000,6.0631,6.0578,6.0578,6.0602,918.573779
1535604960000,6.073,6.0604,6.0604,6.0721,2306.12013694
1535605020000,6.0741,6.074,6.074,6.0741,7
1535605080000,6.0753,6.0655,6.0742,6.0655,1302.27378383
1535605140000,6.0678,6.0623,6.0669,6.0623,338.98050703
1535605200000,6.07,6.0641,6.0641,6.07,5106.25125756
1535605320000,6.0701,6.0667,6.0701,6.0667,671.08885445
1535605380000,6.0668,6.0614,6.0641,6.0668,468.96674828
1535605440000,6.0657,6.0656,6.0656,6.0657,71.08513106
1535605500000,6.0658,6.0557,6.0658,6.0582,5468.7747382
1535605560000,6.0582,6.0377,6.0582,6.0399,5580.65372165
1535605620000,6.0467,6.0403,6.0403,6.0467,105.37365364
1535605680000,6.0506,6.0469,6.0469,6.0505,944.06390957
1535605740000,6.0505,6.0505,6.0505,6.0505,3.76704073
1535605800000,6.0511,6.0505,6.0511,6.0505,763.4781483
1535605860000,6.0506,6.0505,6.0506,6.0505,721.81291966
1535605920000,6.0505,6.0464,6.0505,6.0464,5928.90874326
1535605980000,6.0464,6.0343,6.0464,6.0343,1854.23327994
1535606040000,6.0342,6.024,6.0342,6.0241,119.8
1535606100000,6.024,6.0109,6.024,6.0119,4168.55703067
1535606160000,6.0188,6.0129,6.014,6.0129,1493.0022184
1535606220000,6.013,5.9585,6.0129,5.9585,39798.11505781
1535606280000,5.9595,5.9436,5.9569,5.952,17402.80171184
1535606340000,5.965,5.951,5.9512,5.9617,1960.03397199
1535606400000,5.96607261,5.9645,5.96607261,5.966,319.70852597
1535606460000,5.9705,5.964,5.966,5.964,2569.44542831
1535606520000,5.976,5.9679,5.9688,5.976,879.2588
1535606580000,5.9809,5.97262321,5.9781,5.97262321,5813.98873111
1535606640000,5.9746,5.964,5.9746,5.964,2089.5291
1535606700000,5.9715,5.9681,5.9681,5.9715,107.02118024
1535606760000,5.9745,5.961,5.9687,5.9727,7105.13686491
1535606820000,5.9727,5.9576,5.971,5.9576,2745.4862
1535606880000,5.9563,5.934,5.9563,5.9349,10626.41781603
1535606940000,5.9372,5.928,5.9343,5.9292,12823.76034804
1535607000000,5.9292,5.9018,5.929,5.9036,21035.7063108
1535607060000,5.9277,5.9,5.9025,5.9165,23542.33441907
1535607120000,5.9267,5.9153,5.9173,5.925,9294.65729186
1535607180000,5.925,5.9025,5.925,5.9099,17557.733062
1535607240000,5.91659221,5.91,5.91,5.9164,2919.14843231
1535607300000,5.9339,5.9145,5.9157,5.9339,5423.92941568
1535607360000,5.9597,5.9341,5.9341,5.95,13784.44505305
1535607420000,5.9532,5.9471,5.95,5.9532,8574.08684339
1535607480000,5.9544,5.9351,5.9544,5.9351,7563.17340225
1535607540000,5.9368,5.9285,5.9368,5.9313,5948.86539334
1535607600000,5.9519,5.9319,5.9319,5.9519,3295.37807695
1535607660000,5.9518,5.9447,5.9518,5.9447,2532.04014957
1535607720000,5.951,5.9433,5.9449,5.951,2652.20000001
1535607780000,5.95069538,5.9405,5.947,5.9427,891.71465639
1535607840000,5.9459,5.9259,5.9452,5.9259,1244.80909333
1535607900000,5.93,5.9205,5.9233,5.9249,3094.43424535
1535607960000,5.924,5.9205,5.924,5.9238,3124.33417973
1535608020000,5.9406,5.9237,5.9239,5.9406,11186.70222072
1535608080000,5.9533,5.9406,5.9406,5.9533,12116.90475992
1535608140000,5.9591,5.9514,5.9532,5.9514,18229.38308337
1535608200000,5.9535,5.9421,5.9486,5.9421,16377.56490107
1535608260000,5.9424,5.9378,5.9379,5.9403,6227.19773171
1535608320000,5.9408,5.9244,5.9404,5.9244,9139.3995418
1535608380000,5.923,5.9199,5.923,5.9199,2658.9515395
1535608440000,5.9307,5.9199,5.9199,5.9307,596.79965655
1535608500000,5.94,5.9319,5.9319,5.94,257.56202066
1535608560000,5.9476,5.94,5.94,5.9436,2223.04007001
1535608620000,5.9442,5.93,5.9436,5.93,5254.81272428
1535608680000,5.9347,5.9063,5.9337,5.9185,9653.09815592
1535608740000,5.9196,5.8977,5.9185,5.8977,36571.33417693
1535608800000,5.8963,5.87,5.8963,5.87,33510.27241948
1535608860000,5.893,5.86,5.8695,5.8912,33759.2399092
1535608920000,5.9084,5.8909,5.8929,5.9084,5713.57887256
1535608980000,5.936,5.9084,5.9084,5.9244,16251.90375387
1535609040000,5.9401,5.9245,5.9245,5.931,3025.91481964
1535609100000,5.9432,5.9346,5.9346,5.9384,2954.89335538
1535609160000,5.9432,5.939,5.939,5.9417,252.07451084
1535609220000,5.9611,5.9417,5.9417,5.96,24464.59242672
1535609280000,5.9601,5.96,5.96,5.9601,15806.67357627
1535609340000,5.966,5.9561,5.96,5.9659,2393.93085336
1535609400000,5.9735,5.9676,5.9681,5.9676,786.65718967
1535609460000,5.9771,5.968,5.968,5.9716,3373.44282213
1535609520000,5.9813,5.9716,5.9716,5.9813,1463.78841261
1535609580000,5.9933,5.974,5.9813,5.9769,11806.68475273
1535609640000,5.9808,5.9751,5.9774,5.9751,509.35833212
1535609700000,5.975,5.9583,5.975,5.96,4802.25284056
1535609760000,5.9607,5.95,5.9602,5.9542,6086.58638233
1535609820000,5.9807,5.9569,5.9569,5.9776,4476.18731665
1535609880000,5.9787,5.9757,5.9787,5.9774,304.68397734
1535609940000,5.99776604,5.9774,5.9774,5.9938,5205.44238169
1535610000000,6.0041,5.9939,5.9939,6,3960.54169266
1535610060000,6.0124,6.0013,6.004,6.0047,2879.86599839
1535610120000,6.0088,6.0047,6.0047,6.0088,2244.5
1535610180000,6.0088,6.0038,6.0038,6.004,32
1535610240000,6.0101,6.0041,6.0056,6.0041,412.30909506
1535610300000,6.01,6.0061,6.0061,6.01,319.873072
1535610360000,6.0176,6.0102,6.0102,6.0136,2216.11765008
1535610420000,6.0188,6.0131,6.0131,6.0188,1932.56726831
1535610480000,6.0213,6.0119,6.0188,6.0123,12150.3488772
1535610540000,6.0125,6.0123,6.0125,6.0123,3934.925753
1535610600000,6.0123,5.9949,6.0123,5.9949,4361.77492696
1535610660000,5.9922,5.9918,5.9918,5.9921,3947.56476542
1535610720000,5.9921,5.9853,5.9921,5.9853,3202.35923458
1535610780000,5.9839,5.9726,5.9839,5.9769,4467.73357446
1535610840000,5.9769,5.9752,5.9766,5.9769,3570.00000021
1535610900000,5.9769,5.9682,5.9769,5.9749,6105
1535610960000,5.986,5.9749,5.9749,5.9808,3328.34472281
1535611020000,5.9807,5.972,5.9807,5.9766,330
1535611080000,5.9765,5.97,5.9765,5.9732,4011.8185367
1535611140000,5.9767,5.971,5.9735,5.974,4091.18040798
1535611200000,5.9741,5.974,5.974,5.974,211
1535611260000,5.98,5.9731,5.974,5.98,4488.86970797
1535611320000,5.9829,5.9814,5.9814,5.9829,47.277
1535611380000,5.99,5.9832,5.9832,5.99,2430.47253076
1535611440000,5.9995,5.9903,5.9903,5.9995,1176.85055471
1535611500000,5.9998,5.9996,5.9996,5.9998,110
1535611560000,6.0064,5.9988,5.9988,6.0064,7532.45928458
1535611620000,6.0124,6.0066,6.0083,6.0066,380.9328
1535611680000,6.0101,6.0029,6.0101,6.0037,605.05364392
1535611740000,6.0111,6.0043,6.0043,6.0043,802
1535611800000,6.0044,6.0021,6.0044,6.0021,2769.2
1535611860000,6,5.9931,6,5.9931,1961.2418
1535611920000,5.99386057,5.9807,5.991,5.9844,2709.85154819
1535611980000,5.9913,5.9847,5.9847,5.9847,110.41523544
1535612040000,5.9833,5.9832,5.9832,5.9832,19
1535612100000,5.9871,5.9831,5.9832,5.9871,15355.14192642
1535612160000,5.9871,5.985,5.987,5.985,432.93128105
1535612220000,5.9852,5.9831,5.9841,5.9835,1333.61309214
1535612280000,5.9923,5.984,5.984,5.9875,6825.6983288
1535612340000,5.9901,5.985,5.9877,5.9901,1650
1535612400000,5.9956,5.9874,5.9874,5.9956,3034.5312219
1535612460000,6.007,5.9955,5.9955,5.9993,2200.01708058
1535612520000,6.0015,5.9971,6.0001,6.0015,215.42434548
1535612580000,6.0085,5.9992,5.9992,6.0068,1297.5927611
1535612640000,6.009,6.005,6.0053,6.0066,2632.72055
1535612700000,6.0356,6.0078,6.0099,6.0292,6037.26651402
1535612760000,6.034,6.0185,6.0318,6.0263,779.73442114
1535612820000,6.0281,6.0165,6.0281,6.0165,4246.42053128
1535612880000,6.0137,6.0111,6.0137,6.0121,774.52602117
1535612940000,6.0155,6.0079,6.0122,6.0155,471.0563421
1535613000000,6.0251,6.0153,6.0188,6.0153,3472.38866981
1535613060000,6.0204,6.01527076,6.01527076,6.0204,2098.87222846
1535613120000,6.0207,6.0149,6.0207,6.0149,856.03268113
1535613180000,6.0149,6.0122,6.0148,6.0122,4768.2545
1535613240000,6.0116,6.0089,6.0108,6.0089,2821.71055867
1535613300000,6.0086,6.0081,6.0084,6.0086,707.72276167
1535613360000,6.0087,6.0086,6.0087,6.0086,1049.12932542
1535613420000,6.0176,6.0085,6.0085,6.0139,6634.24477555
1535613540000,6.0128,6.0128,6.0128,6.0128,580.008
1535613600000,6.0128,6.0112,6.0112,6.0123,3965.83741237
1535613660000,6.011,6.00957175,6.011,6.00957175,818.37550815
1535613720000,6.0096,6.007,6.0096,6.007,2088.38857013
1535613780000,6.0118,6.00008203,6.00769724,6.0118,5173.86419534
1535613840000,6.0098,6.0083,6.0098,6.0084,63.71758252
1535613900000,6.0104,6.01,6.0104,6.01,2617.7684
1535613960000,6.0101,6.0073,6.0101,6.0073,7313.536
1535614020000,6.0074,6.00500263,6.0074,6.00500263,1128.99627651
1535614080000,6.0063,6,6.0051,6.0063,13218.28977543
1535614140000,6.0065,6.0063,6.0063,6.0065,6284.8539
1535614200000,6.0123,6.0076,6.00769724,6.0123,774.72699919
1535614260000,6.0128,6.0123,6.0123,6.0128,1214.77395232
1535614320000,6.0128,6.0084,6.0128,6.0084,410.69558232
1535614380000,6.00804871,6.008,6.00804871,6.008,167.06
1535614500000,6.008,6.00008203,6.008,6.0019,2500
1535614560000,6.002,6,6.002,6,48415.0098
1535614620000,6.0001,5.9967,6.00008203,5.9967,4848.41877208
1535614680000,5.9958,5.99246682,5.9952,5.9958,247.82901068
1535614740000,5.9958,5.9867,5.9958,5.9867,1073.66236731
1535614800000,5.985,5.9829,5.985,5.9829,1202.98957098
1535614860000,5.992,5.9829,5.983,5.9886,1370.08684932
1535614920000,5.9955,5.9856,5.9922,5.9856,792.00418815
1535614980000,5.9851,5.9851,5.9851,5.9851,368.60481239
1535615040000,5.983,5.9799,5.983,5.9799,4122.54225819
1535615100000,5.9799,5.9654,5.9799,5.9654,3887.44527298
1535615160000,5.9661,5.9642,5.9657,5.965,1709.50285808
1535615220000,5.9643,5.9642,5.9642,5.9643,132.09629
1535615280000,5.9642,5.9376,5.9642,5.9522,11046.15204776
1535615340000,5.9545,5.9402,5.9532,5.9404,3701.72423788
1535615400000,5.9424,5.94,5.9406,5.9401,3321.20103071
1535615460000,5.94000759,5.9218,5.94000759,5.9218,10395.28040352
1535615520000,5.922,5.92,5.921,5.9211,16808.31825121
1535615580000,5.94,5.9212,5.9212,5.9393,6338.71724997
1535615640000,5.94,5.9068,5.9398,5.9265,83127.24461015
1535615700000,5.9314,5.9242,5.9244,5.93,1556.30535217
1535615760000,5.9422,5.9309,5.9309,5.9422,4329.24557924
1535615820000,5.9435,5.93,5.9425,5.9317,3627.5999
1535615880000,5.9374,5.9348,5.9348,5.9374,491.41486457
1535615940000,5.94,5.9375,5.9375,5.9375,2243.33528127
1535616000000,5.9439,5.9375,5.9375,5.9408,5057.94734553
1535616060000,5.9438,5.9397,5.9409,5.9398,6107.30540637
1535616120000,5.9449,5.9351,5.9396,5.9351,5765.06909501
1535616180000,5.9393,5.9291,5.9393,5.9291,3587.34503744
1535616240000,5.9317,5.9137,5.9292,5.9137,21388.93501338
1535616300000,5.9194,5.9,5.9137,5.9085,53072.15710654
1535616360000,5.9098,5.9003,5.9077,5.9003,10507.8602402
1535616420000,5.9079,5.9022,5.9078,5.9029,3598.49600451
1535616480000,5.9102,5.9028,5.9028,5.9102,4318.42835725
1535616540000,5.932,5.9103,5.9103,5.932,9083.32293376
1535616600000,5.9396,5.9282,5.9286,5.9396,6456.15527828
1535616660000,5.963,5.9361,5.9361,5.9627,21667.66975506
1535616720000,5.971,5.96,5.96,5.97,24051.5680371
1535616780000,5.97005843,5.9601,5.97005843,5.9601,9995.63144953
1535616840000,5.9602,5.9601,5.96011301,5.9601,7337.85045944
1535616900000,5.9646,5.9601,5.9601,5.9646,3427.92922413
1535616960000,5.9705,5.9649,5.9653,5.9705,1191.1099436
1535617020000,5.9719,5.971,5.9716,5.971,252.36740861
1535617080000,5.9673,5.9673,5.9673,5.9673,819.88829943
1535617140000,5.9723,5.9664,5.9674,5.9723,5017.40628136
1535617200000,5.9693,5.9665,5.9693,5.9665,534.94066975
1535617260000,5.9664,5.961,5.9664,5.961,2953.53450025
1535617320000,5.961,5.9454,5.961,5.9495,3720.34455554
1535617380000,5.95,5.9445,5.9454,5.9465,3082.90813376
1535617440000,5.9431,5.9399,5.9431,5.94,1544.73811136
1535617500000,5.9437,5.9437,5.9437,5.9437,50
1535617560000,5.9378,5.93711443,5.93711443,5.9378,110
1535617620000,5.9378,5.9372,5.9378,5.9372,118.15917195
1535617680000,5.9372,5.9216,5.9372,5.9216,4841.22890674
1535617740000,5.9255,5.92,5.9255,5.92,1730
1535617800000,5.92,5.92,5.92,5.92,45.8341
1535617860000,5.9224,5.92,5.92,5.9224,250
1535617920000,5.9259,5.9256,5.9256,5.9259,12
1535617980000,5.9403,5.9268,5.92682257,5.9379,4240.7306
1535618040000,5.9348,5.9346,5.9347,5.9346,1425.2686
1535618100000,5.9346,5.9287,5.9346,5.929,3718.05405951
1535618160000,5.931,5.93,5.93,5.931,2153.83734334
1535618220000,5.929,5.929,5.929,5.929,91
1535618280000,5.937,5.9291,5.9291,5.937,1669.92717812
1535618340000,5.9344,5.9344,5.9344,5.9344,10.55064599
1535618400000,5.9309,5.9288,5.9309,5.9288,1823.08709758
1535618460000,5.9281,5.9175,5.92800695,5.9181,4828.0559169
1535618520000,5.9193,5.9121,5.9193,5.9121,3431.08937966
1535618580000,5.9115,5.90008818,5.9115,5.9017,4844.33908654
1535618640000,5.9052,5.8676,5.9015,5.9051,76135.48987707
1535618700000,5.9064,5.9024,5.9051,5.9064,2524.2249929
1535618760000,5.9136,5.9065,5.9065,5.9136,5697.97474415
1535618820000,5.9142,5.907,5.9116,5.907,3329.19194943
1535618880000,5.9055,5.8952,5.9055,5.8963,3402.19480135
1535618940000,5.895,5.8772,5.895,5.8814,3311.42019226
1535619000000,5.877,5.8614,5.877,5.87,8583.44366672
1535619060000,5.8849,5.87,5.87,5.88,12099.90680083
1535619120000,5.8883,5.876,5.87999601,5.876,11043.59577186
1535619180000,5.8746,5.8512,5.8746,5.8512,16313.66145692
1535619240000,5.86,5.8401,5.8529,5.8514,93840.33474339
1535619300000,5.8563,5.8068,5.8513,5.8099,85103.67167696
1535619360000,5.843,5.79,5.8073,5.8314,101414.27358765
1535619420000,5.8304,5.81,5.8304,5.8151,28008.06455458
1535619480000,5.8151,5.7908,5.815,5.7921,12203.78504728
1535619540000,5.825,5.7959,5.7959,5.8154,30069.95245894
1535619600000,5.8216,5.8062,5.8165,5.8119,3145.09449729
1535619660000,5.809,5.8,5.809,5.8019,6618.55337698
1535619720000,5.8481,5.8012,5.8019,5.8415,45346.71941383
1535619780000,5.8511,5.8411,5.8411,5.851,10052.24204445
1535619840000,5.8525,5.85,5.8509,5.8512,5284.04839013
1535619900000,5.8521,5.8276,5.8521,5.8414,18055.53046579
1535619960000,5.8416,5.82,5.8414,5.8328,22710.57353537
1535620020000,5.8458,5.8261,5.8327,5.8401,7201.13036236
1535620080000,5.84,5.8036,5.84,5.8201,54374.13421932
1535620140000,5.824,5.8,5.8198,5.819,56467.01617403
1535620200000,5.83,5.8168,5.8225,5.8201,22615.50789914
1535620260000,5.8189,5.7995,5.8189,5.7995,12506.93736697
1535620320000,5.82,5.7457,5.7995,5.8108,217208.86434556
1535620380000,5.8121,5.7927,5.8112,5.8022,17676.52389183
1535620440000,5.8106,5.8001,5.8022,5.8099,7179.90666654
1535620500000,5.8416,5.8099,5.8099,5.8124,43659.98696443
1535620560000,5.8333,5.81,5.8119,5.8328,11884.82404137
1535620620000,5.8353,5.8326,5.8327,5.834,975.34453001
1535620680000,5.85,5.8337,5.8337,5.8487,5608.75094974
1535620740000,5.8456,5.843,5.8454,5.8456,1235.7351823
1535620800000,5.8597,5.8454,5.8454,5.8591,21851.48361079
1535620860000,5.8596,5.8554,5.8581,5.8554,2988.37093724
1535620920000,5.8544,5.8363,5.8544,5.8371,1369.45145197
1535620980000,5.8361,5.8273,5.8358,5.8361,8621.75158165
1535621040000,5.844,5.8361,5.8361,5.844,5608.04296972
1535621100000,5.8451,5.83,5.8441,5.8304,7534.26555352
1535621160000,5.8379,5.831,5.8312,5.8379,1576.42273312
1535621220000,5.8359,5.81,5.8359,5.8275,43020.30565634
1535621280000,5.8273,5.8144,5.8237,5.8228,2426.07264108
1535621340000,5.8274,5.8241,5.8241,5.8274,1760.1325
1535621400000,5.8319,5.8263,5.8285,5.8263,3290.06925607
1535621460000,5.8339,5.8263,5.8263,5.8339,2730.84604087
1535621520000,5.8333,5.8278,5.8329,5.8288,1770.6949
1535621580000,5.8311,5.8287,5.8287,5.8311,934
1535621640000,5.8321,5.8288,5.8311,5.8321,9977
1535621700000,5.8418,5.8332,5.8332,5.8349,19061.04163594
1535621760000,5.8342,5.7947,5.8342,5.7986,20662.0649854
1535621820000,5.8148,5.781,5.7976,5.7833,16734.68225979
1535621880000,5.8028,5.7869,5.7869,5.797,3174.47656679
1535621940000,5.7976,5.75,5.797,5.7613,12383.43105786
1535622000000,5.78082405,5.755,5.757,5.78,15336.89452661
1535622060000,5.8101,5.78,5.78,5.8068,69156.69784884
1535622120000,5.8096,5.8035,5.806,5.8044,9203.70621694
1535622180000,5.8041,5.793,5.8035,5.793,12924.69347673
1535622240000,5.8147,5.7916,5.7917,5.8024,7307.9517052
1535622300000,5.8068,5.8,5.8025,5.803,2892.01781456
1535622360000,5.8223,5.804,5.804,5.8223,25060.95184767
1535622420000,5.8394,5.8236,5.8236,5.8241,9172.8008424
1535622480000,5.84,5.8249,5.8263,5.837,4888.53397209
1535622540000,5.854,5.837,5.837,5.847,6480.80315095
1535622600000,5.8462,5.8354,5.8462,5.8379,1472.09959448
1535622660000,5.8376,5.8318,5.836,5.8376,1526.64168769
1535622720000,5.8416,5.8383,5.8383,5.8416,50.41385931
1535622780000,5.8418,5.8317,5.8367,5.8418,2163.47386515
1535622840000,5.8396,5.8306,5.8396,5.8325,297.39679799
1535622900000,5.8357,5.8281,5.8324,5.8357,771.58182435
1535622960000,5.8358,5.8302,5.8347,5.8302,2879.65182987
1535623020000,5.8356,5.8298,5.8341,5.8355,1156.87938194
1535623080000,5.8443,5.8357,5.8357,5.8443,2935.5455
1535623140000,5.8451,5.8438,5.844,5.8451,1068.14901929
1535623200000,5.8511,5.8446,5.8463,5.8493,6488.27214211
1535623260000,5.8635,5.846,5.8469,5.8635,32067.25700867
1535623320000,5.8691,5.8635,5.8635,5.8691,30024.0666225
1535623380000,5.8739,5.8692,5.8692,5.8714,40957.60924538
1535623440000,5.8729,5.87,5.8714,5.871,4963.40440357
1535623500000,5.8711,5.8699,5.8709,5.8705,19181.73800105
1535623560000,5.8739,5.8706,5.8706,5.8739,3553.80840831
1535623620000,5.8742,5.863,5.87401934,5.8691,42742.02738503
1535623680000,5.8742,5.8691,5.8717,5.8713,1518.64546243
1535623740000,5.8698,5.864,5.8697,5.8698,1719.57829257
1535623800000,5.8698,5.8601,5.8697,5.8605,635.87232488
1535623860000,5.8628,5.8604,5.8605,5.8604,1602.80381313
1535623920000,5.8617,5.8514,5.8617,5.8528,186.48353759
1535623980000,5.8555,5.845,5.8532,5.8555,2907.55840047
1535624040000,5.8582,5.845,5.8582,5.845,195.94230959
1535624100000,5.845,5.8357,5.845,5.8357,2795.94472425
1535624160000,5.8377,5.83576469,5.8358,5.8377,808.35220374
1535624220000,5.844,5.831,5.8377,5.8335,11386.62243074
1535624280000,5.84,5.8301,5.8334,5.8301,2104.14791445
1535624340000,5.83178714,5.825,5.8301,5.825,4088.04992749
1535624400000,5.83,5.8164,5.825,5.8164,1940.41211943
1535624460000,5.817,5.806,5.817,5.8146,4060.97621397
1535624520000,5.8395,5.81453284,5.8146,5.8305,9105.29894923
1535624580000,5.8594,5.8366,5.8366,5.8496,22114.48227851
1535624640000,5.8618,5.8378,5.8486,5.8383,7087.24281196
1535624700000,5.8593,5.8402,5.8403,5.853,12231.80133737
1535624760000,5.8532,5.8511,5.8531,5.8511,760.65491526
1535624820000,5.852,5.852,5.852,5.852,500
1535624880000,5.8512,5.8371,5.8512,5.838,575.5424291
1535624940000,5.8395,5.8395,5.8395,5.8395,5.74367759
1535625000000,5.8395,5.831,5.8395,5.8321,323.78947759
1535625060000,5.8339,5.8335,5.8335,5.8339,1979.51282365
1535625120000,5.8339,5.8339,5.8339,5.8339,105.28
1535625180000,5.834,5.8335,5.8339,5.8335,3890.94085464
1535625240000,5.8335,5.8288,5.8335,5.8289,519.64819252
1535625300000,5.8288,5.8246,5.8288,5.8253,745.4413
1535625360000,5.8338,5.826,5.826,5.8338,2971.74354967
1535625420000,5.84868369,5.8317,5.8335,5.8441,11580.64379145
1535625480000,5.851,5.8414,5.8429,5.8414,7579.10815968
1535625540000,5.8413,5.8384,5.8413,5.8399,298.33753958
1535625600000,5.8387,5.8387,5.8387,5.8387,11.7114
1535625660000,5.8384,5.833,5.8384,5.8384,2160.05110944
1535625720000,5.8415,5.8384,5.8384,5.8414,33.63268955
1535625780000,5.849,5.841,5.841,5.8447,1474.12489674
1535625840000,5.8447,5.8419,5.8419,5.844,7999.09371531
1535625900000,5.8614,5.8435,5.8435,5.8592,10495.41215232
1535625960000,5.8748,5.8602,5.8602,5.8691,11963.09983977
1535626020000,5.8694,5.8517,5.8691,5.8592,39932.92719458
1535626080000,5.8628,5.8593,5.8593,5.8628,1455.94190822
1535626140000,5.8748,5.8654,5.8654,5.8748,3497.46185894
1535626200000,5.875,5.8728,5.8728,5.875,693.08367759
1535626260000,5.875,5.8736,5.875,5.8736,1190.0100761
1535626320000,5.8709,5.8661,5.8709,5.8661,1013.2
1535626380000,5.8671,5.8633,5.86510606,5.8656,1851.06393309
1535626440000,5.8744,5.8679,5.8679,5.8743,3297.08618188
1535626500000,5.87435258,5.87,5.87435258,5.8701,2895
1535626560000,5.8742,5.86990489,5.86990489,5.8726,2111.48735543
1535626620000,5.8743,5.8732,5.874,5.8732,732.99578959
1535626680000,5.8887,5.8738,5.8738,5.88863203,45398.72242041
1535626740000,5.89,5.8887,5.8887,5.89,1984.50531719
1535626800000,5.8924,5.8753,5.8899,5.8775,14200.69172436
1535626860000,5.877,5.869,5.8763,5.8697,1884.54367759
1535626920000,5.89078997,5.8708,5.8708,5.89078997,11880.50696476
1535626980000,5.8902,5.8827,5.8839,5.883,12092.56164175
1535627040000,5.8862,5.88,5.8813,5.8833,4897.3662425
1535627100000,5.8837,5.88,5.8834,5.8819,1658.87346304
1535627160000,5.8819,5.88,5.88,5.8819,1095.043278
1535627220000,5.8881,5.8819,5.8819,5.8872,881.16835462
1535627280000,5.8872,5.8871,5.8871,5.8872,112.73157856
1535627340000,5.8885,5.8845,5.8885,5.8845,502.26842144
1535627400000,5.8844,5.8778,5.8844,5.8806,2831.85620103
1535627460000,5.8837,5.8778,5.8837,5.8778,1051.53899
1535627520000,5.8778,5.876,5.8778,5.876,2326.44516373
1535627580000,5.876,5.872,5.876,5.872,140.65526071
1535627640000,5.8703,5.8677,5.8703,5.868,1591.71044785
1535627700000,5.8713,5.8706,5.8706,5.8713,56
1535627760000,5.8737,5.8736,5.8736,5.8737,24.95908392
1535627820000,5.8737,5.8553,5.8737,5.8553,4143.20488668
1535627880000,5.8585,5.8512,5.853,5.8516,5614.30816214
1535627940000,5.86,5.8549,5.8549,5.8566,4803.01015744
1535628000000,5.8587,5.8431,5.858,5.8515,5366.59795066
1535628060000,5.8494,5.84,5.8484,5.84,5557
1535628120000,5.844,5.84,5.8402,5.844,612.5
1535628180000,5.844,5.844,5.844,5.844,5
1535628240000,5.8439,5.84002198,5.8439,5.8438,1091.1320137
1535628300000,5.844,5.84,5.844,5.8421,683.47798776
1535628360000,5.8572,5.8437,5.8437,5.8572,9391.409476
1535628420000,5.8846,5.8547,5.8548,5.8724,26877.7565107
1535628480000,5.8766,5.8688,5.8731,5.8688,2708.7774018
1535628540000,5.8772,5.8645,5.8655,5.8772,1409.86580601
1535628600000,5.875,5.8703,5.875,5.8749,900.38157167
1535628660000,5.8918,5.8678,5.8678,5.8744,23830.44354553
1535628720000,5.8745,5.8648,5.8745,5.8648,600.33743831
1535628780000,5.8648,5.85007687,5.8648,5.8531,2980.1869037
1535628840000,5.8536,5.85,5.8531,5.85,705.551077
1535628900000,5.8507,5.8418,5.85,5.8418,1082.34517175
1535628960000,5.8448,5.84,5.8425,5.8447,7316.0363707
1535629020000,5.8471,5.84,5.8471,5.8416,604.83289501
1535629080000,5.84,5.82,5.84,5.8265,7546.27487563
1535629140000,5.8276,5.819,5.8265,5.8196,2780.75582497
1535629200000,5.819,5.805,5.819,5.8063,15024.05432461
1535629260000,5.81,5.7958,5.8072,5.7994,48486.01140459
1535629320000,5.8,5.795,5.7969,5.795,32544.86692489
1535629380000,5.816,5.79,5.795,5.8094,39432.85484556
1535629440000,5.8225,5.8056,5.8132,5.8113,3151.78386611
1535629500000,5.8126,5.803,5.8126,5.805,870.15193857
1535629560000,5.8189,5.8049,5.8049,5.8146,3676.50064119
1535629620000,5.816,5.7949,5.8144,5.7949,8197.84820792
1535629680000,5.818,5.79,5.7948,5.8113,24951.77530631
1535629740000,5.811,5.8035,5.8097,5.81,1155.2694284
1535629800000,5.827,5.807,5.807,5.815,7125.95281869
1535629860000,5.8471,5.8205,5.8205,5.8469,14792.60123762
1535629920000,5.8568,5.8346,5.8468,5.8393,7011.93227321
1535629980000,5.8429,5.8394,5.8399,5.8429,558.16379457
1535630040000,5.8446,5.8308,5.8428,5.8424,3944.85826753
1535630100000,5.8471,5.8424,5.8424,5.8471,1873.5449005
1535630160000,5.847,5.8376,5.845,5.8386,4964.08572724
1535630220000,5.8444,5.8385,5.8385,5.8443,852.54064205
1535630280000,5.8439,5.8386,5.8439,5.839,853.94927099
1535630340000,5.8376,5.821,5.8376,5.821,4134.64692185
1535630400000,5.8293,5.8217,5.823,5.8265,883.2467741
1535630460000,5.8418,5.829,5.829,5.8398,2053.11480328
1535630520000,5.8509,5.8359,5.8398,5.8509,11928.33492864
1535630580000,5.8503,5.848,5.848,5.8503,273.63036163
1535630640000,5.8616,5.85,5.85,5.8616,3376.7626263
1535630700000,5.8642,5.86,5.8616,5.8641,1316.59451229
1535630760000,5.864,5.85,5.861,5.8536,6877.77645535
1535630820000,5.8604,5.8547,5.8548,5.8547,2157.90370757
1535630880000,5.8702,5.8573,5.8574,5.8596,7051.12854181
1535630940000,5.8692,5.858,5.8597,5.8671,2457.18556391
1535631000000,5.8754,5.8671,5.8672,5.8721,5748.13848369
1535631060000,5.8756,5.8707,5.874,5.8713,2948.640583
1535631120000,5.8713,5.8674,5.8713,5.8702,2239.31935007
1535631180000,5.8705,5.8702,5.8705,5.8702,1276.19897912
1535631240000,5.8702,5.8697,5.8702,5.87,2362.73200962
1535631300000,5.8671,5.8547,5.8671,5.8547,2457.49647374
1535631360000,5.8548,5.8464,5.8534,5.8517,2118.99189544
1535631420000,5.8513,5.84,5.8513,5.8464,6723.89455051
1535631480000,5.853,5.8473,5.8473,5.8526,669.39636698
1535631540000,5.8525,5.8471,5.8525,5.8471,186.88053302
1535631600000,5.8471,5.8466,5.8471,5.8466,92.3883
1535631660000,5.8515,5.8445,5.8466,5.85,8051.90807174
1535631720000,5.8487,5.8442,5.8477,5.8442,1007.90260871
1535631780000,5.85,5.8441,5.8445,5.85,1992.73156779
1535631840000,5.86,5.8499,5.85,5.8571,2777.82425862
1535631900000,5.8565,5.8564,5.8564,5.8565,128
1535631960000,5.8554,5.8436,5.8522,5.8436,1924.47687218
1535632020000,5.843,5.843,5.843,5.843,175.02437105
1535632080000,5.843,5.842,5.843,5.8421,1329.74127845
1535632140000,5.843,5.8421,5.8421,5.843,802.77845742
1535632200000,5.842,5.84,5.842,5.84,100
1535632260000,5.84,5.8342,5.84,5.8342,17.71115259
1535632320000,5.8382,5.8333,5.8333,5.8382,180.61432424
1535632380000,5.838,5.8209,5.838,5.8209,1469.4974
1535632440000,5.8254,5.8227,5.8227,5.8254,119.69583631
1535632500000,5.8284,5.8284,5.8284,5.8284,51.68939625
1535632560000,5.8286,5.8285,5.8285,5.8285,136.9098
1535632620000,5.8285,5.813,5.8285,5.813,1925.84368595
1535632680000,5.8189,5.8106,5.8106,5.8121,2215.41491677
1535632740000,5.8149,5.81,5.8142,5.8129,2699.57186474
1535632800000,5.838,5.803,5.813,5.822,20946.21611384
1535632860000,5.8284,5.7999,5.8235,5.7999,1674.63345592
1535632920000,5.8343,5.7999,5.7999,5.805,36053.64828369
1535632980000,5.805,5.79,5.805,5.7911,51170.89087609
1535633040000,5.7911,5.77802461,5.7911,5.7861,24798.0180615
1535633100000,5.7867,5.77100932,5.7857,5.7738,27549.38419323
1535633160000,5.818,5.7746,5.7753,5.818,10319.18954196
1535633220000,5.835,5.8167,5.81847944,5.8167,13327.2642598
1535633280000,5.8238,5.799,5.8181,5.8174,15383.411886
1535633340000,5.836,5.8175,5.8175,5.83,21516.43860965
1535633400000,5.8301,5.817,5.83,5.8292,9617.47126147
1535633460000,5.8358,5.82,5.8283,5.8316,29170.45205003
1535633520000,5.8315,5.8228,5.8315,5.8252,1094.72133417
1535633580000,5.8306,5.8221,5.8266,5.8306,116.2421
1535633640000,5.8289,5.8289,5.8289,5.8289,70
1535633700000,5.8281,5.8177,5.8281,5.8177,1274.87091834
1535633760000,5.8179,5.8175,5.8176,5.8175,2157.92916534
1535633820000,5.8174,5.8074,5.8174,5.8145,2221.78363297
1535633880000,5.8171,5.8,5.8171,5.802,11362.24059872
1535633940000,5.8077,5.7953,5.8005,5.7988,5765.13877531
1535634000000,5.8,5.7907,5.7988,5.7973,11006.06990413
1535634060000,5.8021,5.7926,5.793,5.7999,7282.21787044
1535634120000,5.7998,5.7736,5.7998,5.7986,29189.40754549
1535634180000,5.81,5.785,5.7961,5.803,31004.92939824
1535634240000,5.81,5.8028,5.8028,5.8099,10008.022075
1535634300000,5.821,5.8099,5.8099,5.8186,13448.03981957
1535634360000,5.83,5.8201,5.8218,5.8289,22306.05754007
1535634420000,5.8289,5.8252,5.8278,5.8266,1612.79188033
1535634480000,5.8274,5.8258,5.8258,5.8273,1197
1535634540000,5.8324,5.8285,5.8285,5.8312,6532.23923914
1535634600000,5.8324,5.829,5.8324,5.8292,1270.41467233
1535634660000,5.8368,5.8324,5.8324,5.8368,15448.92101633
1535634720000,5.8368,5.8359,5.8368,5.8368,1371.66
1535634780000,5.837,5.8364,5.8368,5.837,4211.88379999
1535634840000,5.8404,5.837,5.837,5.8404,10847.35496721
1535634900000,5.8404,5.8389,5.8404,5.8389,2735.39533771
1535634960000,5.8411,5.8404,5.8404,5.8411,9637.43340652
1535635020000,5.8484,5.8411,5.8411,5.8484,31147.26020749
1535635080000,5.86,5.8484,5.8484,5.85,35654.96805308
1535635140000,5.8588,5.8511,5.8537,5.8511,6280.48313748
1535635200000,5.8563,5.8523,5.856,5.8523,7011.1838
1535635260000,5.8534,5.8369,5.8534,5.8424,5040.07578004
1535635380000,5.8359,5.8291,5.8359,5.8313,1998.63936133
1535635440000,5.8394,5.8335,5.8335,5.8394,890.4904183
1535635500000,5.8406,5.8402,5.8402,5.8406,50
1535635560000,5.8378,5.8366,5.8366,5.8378,210
1535635620000,5.8487,5.8398,5.8398,5.8462,1108.99989999
1535635680000,5.8491,5.8474,5.8491,5.8482,572
1535635740000,5.848,5.8378,5.848,5.8388,1864.29276
1535635800000,5.8413,5.8382,5.8388,5.8382,3005.5631836
1535635860000,5.8412,5.8396,5.8396,5.8412,3679.94163214
1535635920000,5.84369771,5.8412,5.8412,5.84369771,979.98133
1535635980000,5.85,5.8446,5.8446,5.85,3091.75001064
1535636040000,5.85,5.8499,5.85,5.8499,1780.93490904
1535636100000,5.8502,5.8499,5.8499,5.8502,7115.52998981
1535636160000,5.8575,5.853,5.853,5.8575,956.66158089
1535636220000,5.8736,5.8575,5.8575,5.8736,6256.29154288
1535636280000,5.8758,5.8752,5.8757,5.8752,4531.94470451
1535636340000,5.89,5.8752,5.8753,5.8861,14580.56659514
1535636400000,5.8856,5.875,5.8854,5.875,2994.1930357
1535636460000,5.8792,5.875,5.8751,5.8792,13914.29101739
1535636520000,5.8794,5.875,5.8794,5.875,4219.57138618
1535636580000,5.877,5.8751,5.8751,5.8758,7552.91822567
1535636640000,5.8853,5.8751,5.8751,5.8801,5308.89942251
1535636700000,5.8798,5.8757,5.8798,5.8757,4890
1535636760000,5.8812,5.8774,5.8774,5.8812,5188.87042807
1535636820000,5.89,5.8822,5.8833,5.8894,3339.47774397
1535636880000,5.913,5.89,5.89,5.913,14946.42042656
1535636940000,5.94,5.913,5.913,5.9291,76819.21880972
1535637000000,5.9291,5.9049,5.9291,5.9138,21151.50027916
1535637060000,5.9238,5.91383255,5.91383255,5.92,11826.30770829
1535637120000,5.9271,5.9217,5.922,5.9217,6306.11095023
1535637180000,5.9199,5.91,5.9199,5.9104,19938.52719933
1535637240000,5.9106,5.8937,5.9105,5.8937,10282.95878117
1535637300000,5.9013,5.895,5.8973,5.9013,2289.44982775
1535637360000,5.9024,5.8832,5.9,5.8931,17975.24902341
1535637420000,5.8939,5.8883,5.8907,5.8919,1654.19707787
1535637480000,5.894,5.8928,5.8939,5.8936,942.4421339
1535637540000,5.8948,5.8933,5.8937,5.8948,859.76615273
1535637600000,5.8948,5.8945,5.8948,5.8948,985.89028873
1535637660000,5.8948,5.8947,5.8948,5.8948,1584.77859221
1535637720000,5.8948,5.88,5.8948,5.8825,12307.67689456
1535637780000,5.8866,5.866,5.8841,5.8721,11969.34306621
1535637840000,5.8776,5.8661,5.8722,5.8661,19285.27131599
1535637900000,5.8742,5.858,5.8691,5.8664,35312.43585438
1535637960000,5.8667,5.8571,5.8646,5.86,36404.17545397
1535638020000,5.8649,5.8555,5.86,5.8572,29918.94838245
1535638080000,5.8728,5.8573,5.8589,5.8727,16339.33471642
1535638140000,5.881,5.8704,5.8753,5.8704,15489.69573872
1535638200000,5.8763,5.8705,5.8727,5.8712,13993.80970748
1535638260000,5.8797,5.8712,5.8712,5.879,14358.00454845
1535638320000,5.877,5.8747,5.8769,5.8753,3701.6475917
1535638380000,5.8798,5.8747,5.8753,5.8763,4927.56028706
1535638440000,5.8899,5.8763,5.8763,5.8896,9003.08318373
1535638500000,5.89,5.8837,5.8863,5.8842,3848.65292875
1535638560000,5.8836,5.882,5.8836,5.8826,525.90036705
1535638620000,5.889,5.8836,5.8836,5.8842,113.56836677
1535638680000,5.8876,5.885,5.8876,5.8854,482.93764152
1535638740000,5.89,5.8877,5.8878,5.89,937.20582688
1535638800000,5.8942,5.8899,5.89,5.8942,11073.34835068
1535638860000,5.916,5.8942,5.8942,5.9128,8048.76860679
1535638920000,5.9304,5.912,5.912,5.9304,4067.29861061
1535638980000,5.9435,5.916,5.9304,5.9203,51386.92564957
1535639040000,5.9338,5.9183,5.9183,5.9338,441.67559028
1535639100000,5.9614,5.9245,5.9302,5.961,41302.77350447
1535639160000,5.9667,5.9536,5.9613,5.96,13404.36994626
1535639220000,5.966,5.9455,5.96,5.9455,8493.23490501
1535639280000,5.97,5.9426,5.949,5.9686,16656.83383734
1535639340000,5.97,5.9561,5.9696,5.9622,9461.37463019
1535639400000,5.98,5.9601,5.9672,5.9634,19826.569948
1535639460000,5.976,5.9605,5.9645,5.9702,13928.38636866
1535639520000,5.9702,5.96227957,5.9701,5.9644,12891.54188032
1535639580000,5.9647,5.9404,5.9647,5.9454,19392.60736816
1535639640000,5.9486,5.9426,5.9453,5.9432,5117.57049325
1535639700000,5.95,5.9401,5.9432,5.95,7328.1611493
1535639760000,5.9581,5.9499,5.95,5.9508,6170.21801583
1535639820000,5.956,5.9507,5.9529,5.9557,3399.73616194
1535639880000,5.97,5.9576,5.9576,5.97,11252.59170599
1535639940000,5.97,5.9683,5.97,5.97,14715.58941278
1535640000000,5.97,5.964,5.9698,5.9682,8147.35123342
1535640060000,5.9672,5.9572,5.9672,5.9585,3926.39914044
1535640120000,5.96,5.9574,5.9576,5.96,2996.23128157
1535640180000,5.972,5.9595,5.96,5.972,8011.16714019
1535640240000,5.9722,5.9695,5.9712,5.9695,8283.22274172
1535640300000,5.97,5.964,5.9699,5.9686,12249.42247413
1535640360000,5.9648,5.9606,5.9648,5.9612,8229.47783082
1535640420000,5.9606,5.9592,5.9606,5.9594,3119.28360178
1535640480000,5.9592,5.9536,5.9592,5.9536,4645.33249336
1535640540000,5.9536,5.9433,5.9536,5.9458,7319.23500222
1535640600000,5.9459,5.9389,5.9459,5.939,5489.78429068
1535640660000,5.9529,5.9426,5.9426,5.9503,5266.3616084
1535640720000,5.9507,5.9432,5.9506,5.9478,5831.73729552
1535640780000,5.9452,5.9376,5.9433,5.9376,4934.8774704
1535640840000,5.941,5.9393,5.9393,5.941,855.56836677
1535640900000,5.9411,5.941,5.941,5.9411,2316.56836677
1535640960000,5.9443,5.9418,5.9443,5.9418,1132.10404325
1535641020000,5.94438873,5.9386,5.9434,5.9394,6626.92896109
1535641080000,5.944,5.9387,5.9397,5.944,4443.9826281
1535641140000,5.9559,5.9439,5.944,5.9559,1727.11951652
1535641200000,5.958,5.9484,5.9544,5.9486,10460.78691359
1535641260000,5.9516,5.9477,5.9483,5.9505,990.47696677
1535641320000,5.9506,5.9465,5.9506,5.9481,2100.96293506
1535641380000,5.9488,5.9443,5.9488,5.9461,8550.11841609
1535641440000,5.9504,5.9457,5.9458,5.9501,2018.98402596
1535641500000,5.9493,5.9493,5.9493,5.9493,141
1535641560000,5.9494,5.9493,5.9493,5.9494,380.0639
1535641620000,5.948,5.9363,5.948,5.9424,6708.08949326
1535641680000,5.9437,5.9388,5.9437,5.9392,4100.30057615
1535641740000,5.9399,5.9302,5.9399,5.9302,8102.19104988
1535641800000,5.9355,5.9204,5.9301,5.9355,11307.14594073
1535641860000,5.94,5.9349,5.9372,5.9369,4351.44253583
1535641920000,5.9421,5.9368,5.93682786,5.94,1857.40894997
1535641980000,5.9437,5.9437,5.9437,5.9437,660.1218
1535642040000,5.9437,5.9436,5.9437,5.9436,99.56849492
1535642100000,5.9436,5.9404,5.9427,5.9436,96.00000026
1535642160000,5.9456,5.9335,5.9417,5.9385,5221.63683787
1535642220000,5.9455,5.9366,5.9381,5.9455,2368.39824089
1535642280000,5.955,5.9455,5.9455,5.955,1462.77994634
1535642340000,5.963,5.9505,5.955,5.96020776,13644.74443375
1535642400000,5.9766,5.9608,5.9608,5.97,21249.60692712
1535642460000,5.9702,5.95,5.97,5.9532,8186.85703924
1535642520000,5.9585,5.9533,5.9533,5.9577,425.03114973
1535642580000,5.9752,5.9576,5.9576,5.9752,3483.20512679
1535642640000,5.9786,5.97,5.9712,5.9751,37275.64235836
1535642700000,5.9765,5.9742,5.9747,5.9742,9410.583616
1535642760000,5.9752,5.9731,5.9742,5.9731,5720.95571085
1535642820000,5.9761,5.97035112,5.9731,5.9737,20604.2868679
1535642880000,5.9738,5.97000134,5.9724,5.97000134,13617.08652293
1535642940000,5.9748,5.97,5.9701,5.9748,4716.44192089
1535643000000,5.991,5.9704,5.9728,5.991,16776.54730685
1535643060000,5.9956,5.9846,5.9909,5.9909,7299.91905475
1535643120000,5.9988,5.9909,5.9909,5.9951,28715.07687931
1535643180000,6.0017,5.999,5.999,6.0017,9356.37543278
1535643240000,6.019,6.0017,6.0017,6.019,27781.51629602
1535643300000,6.02,6.0026,6.019,6.008,12695.32900739
1535643360000,6.0108,6.0021,6.0044,6.0048,3922.6291381
1535643420000,6.0113,6.0061,6.0061,6.0113,9515.41068085
1535643480000,6.02,6.0113,6.0113,6.0145,15803.75192524
1535643540000,6.0175,5.9918,6.0175,5.9918,34318.3961698
1535643600000,6,5.9972,6,5.9988,13388.84886762
1535643660000,5.9999,5.9926,5.999,5.9926,3975.70074759
1535643720000,5.9914,5.9813,5.9914,5.9836,11172.86426486
1535643780000,5.9999,5.98409905,5.9858,5.99,16393.54864751
1535643840000,5.99,5.9899,5.99,5.99,8222.03943008
1535643900000,5.99,5.9899,5.99,5.99,7548.08952931
1535643960000,6,5.9945,5.9945,6,10472.27130484
1535644020000,6.0044,6,6,6.0044,696.32394498
1535644080000,6.01,6.006,6.006,6.01,4053.00908364
1535644140000,6.0123,6.0093,6.01,6.0093,9110.45502
1535644200000,6.0147,5.9985,6.0094,6.0001,16493.71328642
1535644260000,6.0016,5.9996,6.0016,5.9999,3611.32137214
1535644320000,6,5.9985,6,6,9944.64785208
1535644380000,6.0041,5.9964,6,6.0041,16612.82096366
1535644440000,6.0041,5.9969,6.0041,5.9985,6954.48926851
1535644500000,6,5.9877,5.9991,5.9877,10231.51473446
1535644560000,5.9902,5.98,5.9881,5.98,9018.29890089
1535644620000,5.98,5.9591,5.98,5.978,21891.35691662
1535644680000,5.977,5.9712,5.977,5.972,1997.78030242
1535644740000,5.975,5.9692,5.9697,5.975,2404.33211012
