1537459200,5.2909,5.281,5.2909,5.281,16078.14
1537459260,5.2846,5.2755,5.2846,5.2826,2641.32
1537459320,5.2851,5.2796,5.281,5.2809,11887.67
1537459380,5.2849,5.2786,5.2809,5.2849,8268.51
1537459440,5.2848,5.2824,5.2848,5.2841,5973.91
1537459500,5.2916,5.2808,5.2827,5.2848,4949.98
1537459560,5.2847,5.2811,5.2833,5.2811,9822.91
1537459620,5.2811,5.2704,5.2811,5.2704,7082.01
1537459680,5.2773,5.265,5.2713,5.2691,8210.81
1537459740,5.2702,5.258,5.269,5.2658,4830.68
1537459800,5.27,5.26,5.2632,5.27,12731.53
1537459860,5.2752,5.2654,5.27,5.2721,6444.56
1537459920,5.2738,5.2657,5.2679,5.2657,4237.53
1537459980,5.2788,5.2657,5.2657,5.2788,2933.18
1537460040,5.2791,5.2724,5.2791,5.277,3187
1537460100,5.2785,5.2705,5.277,5.2726,3373.52
1537460160,5.279,5.2726,5.2766,5.2787,6195.36
1537460220,5.2761,5.2706,5.2736,5.2734,6680.11
1537460280,5.2867,5.2758,5.2758,5.2833,8087.64
1537460340,5.283,5.277,5.2806,5.281,1519.86
1537460400,5.292,5.2799,5.2818,5.2834,918.85
1537460460,5.2937,5.2882,5.2882,5.2934,3318.22
1537460520,5.2916,5.2839,5.2916,5.2888,4130.54
1537460580,5.2889,5.2838,5.2869,5.2854,8392.59
1537460640,5.285,5.2799,5.2822,5.2799,7975.63
1537460700,5.2834,5.2772,5.2827,5.2809,954.04
1537460760,5.2872,5.2781,5.2792,5.2868,2827.08
1537460820,5.2854,5.2802,5.2817,5.2848,3081.52
1537460880,5.2852,5.277,5.2829,5.2825,11256.48
1537460940,5.2825,5.2717,5.2825,5.2799,10685.98
1537461000,5.2775,5.2602,5.2748,5.261,10708.95
1537461060,5.2652,5.2626,5.265,5.2637,9824.7
1537461120,5.2652,5.2616,5.2639,5.2648,9419.64
1537461180,5.2653,5.2631,5.2631,5.2653,10568.39
1537461240,5.2704,5.265,5.2652,5.2704,7938.16
1537461300,5.2707,5.2671,5.2688,5.2671,6030.39
1537461360,5.2711,5.2674,5.269,5.2708,8152.38
1537461420,5.2792,5.2691,5.2702,5.2792,11034.29
1537461480,5.2968,5.2762,5.2772,5.2968,4279.36
1537461540,5.297,5.2894,5.2969,5.2894,8769.61
1537461600,5.2966,5.2897,5.2937,5.2956,8363.98
1537461660,5.2957,5.2862,5.295,5.2862,6154.04
1537461720,5.2863,5.284,5.2858,5.2848,2243.67
1537461780,5.2858,5.2819,5.2848,5.2833,5095.68
1537461840,5.2918,5.2852,5.2862,5.2911,2315.1
1537461900,5.3022,5.2902,5.2912,5.298,10844.6
1537461960,5.3036,5.299,5.3009,5.3,7151.43
1537462020,5.3061,5.2983,5.303,5.3002,4741.19
1537462080,5.306,5.2998,5.3034,5.302,2843.7
1537462140,5.307,5.302,5.304,5.3059,5855.88
1537462200,5.3031,5.2799,5.3031,5.2864,11247.52
1537462260,5.2864,5.2819,5.2843,5.2819,5343.13
1537462320,5.2864,5.2819,5.2819,5.2841,8274.41
1537462380,5.2869,5.2863,5.2863,5.2867,2796.47
1537462440,5.2925,5.2866,5.2867,5.2901,4823.55
1537462500,5.2917,5.2859,5.2917,5.2874,10169.53
1537462560,5.2936,5.2859,5.2859,5.293,4344.25
1537462620,5.2937,5.2848,5.2937,5.2848,1231.4
1537462680,5.3003,5.2859,5.2899,5.3003,9804.69
1537462740,5.2994,5.2957,5.2964,5.2994,1169.37
1537462800,5.312,5.2962,5.3,5.3053,3937.69
1537462860,5.3051,5.2929,5.3049,5.2929,7417.84
1537462920,5.2968,5.2906,5.2956,5.2906,2965.84
1537462980,5.2988,5.2905,5.2932,5.2969,10003.7
1537463040,5.2969,5.2878,5.2969,5.2878,8288.58
1537463100,5.2908,5.2734,5.2908,5.2734,7883.96
1537463160,5.2874,5.2766,5.2793,5.2874,2474.64
1537463220,5.2829,5.2769,5.2828,5.2769,713.43
1537463280,5.2769,5.2701,5.2769,5.2763,5994.79
1537463340,5.2804,5.2723,5.2724,5.2804,2917.18
1537463400,5.285,5.2768,5.2791,5.285,4473.55
1537463460,5.282,5.2723,5.2807,5.2724,5626.49
1537463520,5.2763,5.2721,5.2763,5.2721,3994.8
1537463580,5.2821,5.2728,5.2749,5.282,5998.72
1537463640,5.2897,5.2816,5.2857,5.2897,4577.2
1537463700,5.2898,5.2791,5.2894,5.2868,6160.83
1537463760,5.2828,5.2807,5.2828,5.2809,5001.11
1537463820,5.282,5.2778,5.2809,5.281,3919.42
1537463880,5.2849,5.2784,5.2797,5.2849,4358.96
1537463940,5.2813,5.2752,5.2793,5.2752,1227.79
1537464000,5.2797,5.2755,5.2796,5.2771,6314.8
1537464060,5.2772,5.2727,5.2751,5.2727,8975.98
1537464120,5.2753,5.2687,5.2727,5.2752,7732.36
1537464180,5.2752,5.2728,5.2728,5.2752,14344.77
1537464240,5.2752,5.2727,5.2752,5.2744,10293.62
1537464300,5.2727,5.258,5.2727,5.258,5750.5
1537464360,5.2642,5.2535,5.258,5.2636,7949.36
1537464420,5.2635,5.2599,5.2619,5.262,5854.02
1537464480,5.2708,5.2622,5.2628,5.2708,5355.66
1537464540,5.2753,5.2647,5.2724,5.27,8091.85
1537464600,5.2652,5.2535,5.2652,5.2535,1006.13
1537464660,5.2578,5.253,5.2558,5.2555,5129.5
1537464720,5.2555,5.25,5.2555,5.2502,9986.93
1537464780,5.2521,5.243,5.2503,5.248,7556.21
1537464840,5.249,5.243,5.2431,5.249,9233.44
1537464900,5.2492,5.2355,5.2462,5.2355,9815.9
1537464960,5.236,5.2299,5.236,5.233,6617.81
1537465020,5.2418,5.2271,5.234,5.2373,5696.06
1537465080,5.2725,5.2403,5.2403,5.2666,8616.43
1537465140,5.2725,5.2645,5.2655,5.2725,913.94
1537465200,5.2698,5.267,5.2698,5.2687,1440.84
1537465260,5.2713,5.2666,5.2713,5.2666,2890.34
1537465320,5.2704,5.267,5.2687,5.2672,9133.51
1537465380,5.2689,5.262,5.2689,5.264,8722.04
1537465440,5.2622,5.2583,5.2609,5.2622,5812.65
1537465500,5.2629,5.2585,5.259,5.2622,11715.64
1537465560,5.2629,5.245,5.2599,5.2629,17413.31
1537465620,5.2629,5.2541,5.2629,5.2554,2213.95
1537465680,5.2545,5.2529,5.2545,5.253,713.01
1537465740,5.2549,5.2524,5.2526,5.2548,6980.09
1537465800,5.2549,5.2463,5.2516,5.2549,6719.91
1537465860,5.261,5.2506,5.2527,5.2506,3755.39
1537465920,5.2512,5.2442,5.2512,5.2467,3251.13
1537465980,5.246,5.235,5.2421,5.2408,5101.49
1537466040,5.2395,5.2251,5.2359,5.2319,6688.99
1537466100,5.2494,5.2303,5.2303,5.2494,3172.97
1537466160,5.2556,5.2426,5.2498,5.247,3278.97
1537466220,5.2557,5.2461,5.2472,5.2557,4659.08
1537466280,5.2584,5.2511,5.253,5.2511,4507.37
1537466340,5.251,5.2419,5.251,5.2438,4355.95
1537466400,5.245,5.2296,5.2438,5.2296,8062.19
1537466460,5.2493,5.226,5.2298,5.2491,7588.88
1537466520,5.2546,5.2447,5.2492,5.2447,6912.86
1537466580,5.2403,5.2313,5.24,5.235,7108.68
1537466640,5.2389,5.2302,5.235,5.2389,20362.48
1537466700,5.2393,5.2224,5.2392,5.2373,5900.85
1537466760,5.2425,5.2339,5.2339,5.2425,3762.01
1537466820,5.245,5.2388,5.2408,5.2425,3467.72
1537466880,5.255,5.2489,5.2489,5.255,692.11
1537466940,5.2629,5.255,5.255,5.2579,1946.14
1537467000,5.2602,5.2575,5.2602,5.2602,6245.79
1537467060,5.2602,5.2583,5.2584,5.2588,4224.39
1537467120,5.26,5.2556,5.2579,5.26,4445.45
1537467180,5.2638,5.2535,5.26,5.2575,3391.8
1537467240,5.2558,5.2532,5.2558,5.2532,11794.86
1537467300,5.2547,5.25,5.2526,5.2538,5836.11
1537467360,5.2606,5.2521,5.2542,5.2578,6028.57
1537467420,5.2606,5.2581,5.2606,5.2603,3659.73
1537467480,5.26,5.2575,5.2588,5.26,1667.66
1537467540,5.2638,5.2604,5.2604,5.2638,4361.55
1537467600,5.2666,5.2641,5.2648,5.2641,5229.33
1537467660,5.2652,5.2626,5.2641,5.2651,8748.65
1537467720,5.2651,5.2598,5.2636,5.2618,12316.96
1537467780,5.2598,5.2505,5.258,5.2515,11802.17
1537467840,5.2575,5.2505,5.2515,5.2559,11746.99
1537467900,5.2581,5.2559,5.2575,5.2581,6945.31
1537467960,5.275,5.2623,5.2623,5.27,9165.39
1537468020,5.275,5.2689,5.2701,5.2689,5315.83
1537468080,5.2702,5.2647,5.2702,5.2648,7663.87
1537468140,5.2675,5.2628,5.2675,5.263,10303.71
1537468200,5.264,5.2516,5.2631,5.2591,8210.09
1537468260,5.265,5.2572,5.2589,5.2649,9090.67
1537468320,5.2652,5.2652,5.2652,5.2652,3.79
1537468380,5.2653,5.2586,5.2649,5.2586,1398.62
1537468440,5.2633,5.2605,5.2614,5.2632,6645.49
1537468500,5.265,5.2614,5.2634,5.2635,4206.99
1537468560,5.2636,5.2599,5.2635,5.2599,3839.13
1537468620,5.2601,5.25,5.2584,5.2514,6398.15
1537468680,5.2539,5.2496,5.25,5.2538,6130.62
1537468740,5.2582,5.2543,5.2581,5.2543,5289.42
1537468800,5.258,5.2557,5.2557,5.258,8487.02
1537468860,5.258,5.2539,5.2561,5.2546,6148.12
1537468920,5.2623,5.2549,5.2549,5.2604,5493.6
1537468980,5.2617,5.2549,5.2589,5.2615,8215.16
1537469040,5.2594,5.2573,5.2594,5.2573,9713.42
1537469100,5.2607,5.2551,5.2573,5.2553,6555.04
1537469160,5.2854,5.2553,5.257,5.2854,9722.23
1537469220,5.2839,5.2763,5.2789,5.2763,6418.75
1537469280,5.273,5.2673,5.273,5.2715,4969.7
1537469340,5.2719,5.2674,5.2697,5.27,7278.06
1537469400,5.2778,5.2671,5.2701,5.2705,4997.31
1537469460,5.2743,5.2697,5.2736,5.2701,5238.25
1537469520,5.2737,5.2694,5.2694,5.2737,5024.5
1537469580,5.2779,5.272,5.2737,5.2779,6598.28
1537469640,5.2746,5.2727,5.2729,5.2733,6893.92
1537469700,5.2848,5.2725,5.2725,5.2848,9995.75
1537469760,5.2808,5.2698,5.2808,5.275,3979.95
1537469820,5.2786,5.2747,5.2774,5.2781,2365.58
1537469880,5.2814,5.275,5.275,5.2789,11421.82
1537469940,5.2815,5.2788,5.2802,5.2795,6544.18
1537470000,5.285,5.2797,5.2797,5.284,9643.76
1537470060,5.291,5.2823,5.284,5.291,10926.82
1537470120,5.2922,5.2882,5.291,5.291,2651.71
1537470180,5.2957,5.2897,5.291,5.2957,2196.34
1537470240,5.298,5.2912,5.2957,5.2916,2541.58
1537470300,5.2951,5.29,5.2938,5.2932,9778.83
1537470360,5.2906,5.2837,5.2906,5.2837,5123.4
1537470420,5.2904,5.2864,5.2902,5.2864,5537.02
1537470480,5.2945,5.2846,5.2905,5.2929,3473.35
1537470540,5.2886,5.2836,5.2836,5.2886,224.04
1537470600,5.2887,5.272,5.2857,5.2796,7554.65
1537470660,5.2791,5.2753,5.2772,5.2791,9946.77
1537470720,5.2852,5.2829,5.2829,5.2852,7.7
1537470780,5.2891,5.281,5.283,5.288,1312.68
1537470840,5.2907,5.2881,5.29,5.2907,4633.91
1537470900,5.293,5.2845,5.292,5.2845,8002.94
1537470960,5.2886,5.2865,5.2886,5.2865,1913.67
1537471020,5.2888,5.2834,5.2886,5.2838,2000.25
1537471080,5.2889,5.287,5.2888,5.2889,5902.73
1537471140,5.2934,5.289,5.289,5.2934,7954.27
1537471200,5.2964,5.292,5.2922,5.2949,8965.69
1537471260,5.297,5.2941,5.2948,5.2955,9097.28
1537471320,5.3044,5.2952,5.2969,5.3044,7642.35
1537471380,5.31,5.298,5.3045,5.3064,6073.18
1537471440,5.3068,5.2861,5.3043,5.292,8428.8
1537471500,5.301,5.2952,5.2952,5.3006,582.1
1537471560,5.3041,5.2979,5.2991,5.2982,3120.82
1537471620,5.3062,5.302,5.3041,5.3023,1993.44
1537471680,5.3022,5.2941,5.3022,5.2941,6290.78
1537471740,5.2944,5.29,5.2925,5.2901,2959.62
1537471800,5.304,5.2854,5.2911,5.3032,8797.99
1537471860,5.3024,5.2805,5.3009,5.2842,12340.66
1537471920,5.2952,5.29,5.2935,5.2916,2331.86
1537471980,5.2936,5.2914,5.2916,5.2923,3317.49
1537472040,5.2914,5.2864,5.2914,5.2901,2655.82
1537472100,5.301,5.2899,5.2899,5.301,9035.28
1537472160,5.3021,5.2962,5.2981,5.3001,9016.4
1537472220,5.3025,5.3,5.3005,5.3,5986.32
1537472280,5.304,5.2924,5.299,5.301,3344.01
1537472340,5.3014,5.2961,5.301,5.2961,8226.08
1537472400,5.3002,5.2926,5.298,5.2926,5856.18
1537472460,5.2943,5.2858,5.2943,5.2924,6280.91
1537472520,5.2905,5.2855,5.2905,5.289,7405.09
1537472580,5.2928,5.2873,5.2896,5.291,5991.87
1537472640,5.2923,5.29,5.2923,5.2901,9862.29
1537472700,5.3,5.29,5.2901,5.2945,6402.48
1537472760,5.2985,5.2909,5.2965,5.2984,7369.85
1537472820,5.301,5.2931,5.2979,5.2975,13177.67
1537472880,5.3013,5.2954,5.2976,5.2954,7387.81
1537472940,5.3014,5.2967,5.2967,5.3002,18487.18
1537473000,5.3013,5.2908,5.3003,5.2908,7904.71
1537473060,5.2948,5.29,5.2909,5.2911,3217.06
1537473120,5.2891,5.2799,5.2871,5.2839,5043.38
1537473180,5.2895,5.2811,5.2839,5.2873,5245.13
1537473240,5.2918,5.2795,5.289,5.2908,5538.9
1537473300,5.2937,5.2856,5.2858,5.2937,5440.29
1537473360,5.2981,5.2877,5.2922,5.2961,2971.02
1537473420,5.2982,5.2852,5.2959,5.2896,9879.51
1537473480,5.2942,5.2851,5.2872,5.2851,3420.78
1537473540,5.2966,5.2823,5.2892,5.2921,9601.37
1537473600,5.3039,5.285,5.2902,5.285,16236.39
1537473660,5.2847,5.2802,5.2828,5.2802,11565.48
1537473720,5.295,5.2801,5.2821,5.2901,15081.28
1537473780,5.2984,5.2851,5.2926,5.2851,23404.9
1537473840,5.3006,5.2812,5.287,5.2945,9318.24
1537473900,5.3029,5.29,5.2999,5.2901,14284.08
1537473960,5.2973,5.29,5.2901,5.2902,8432.39
1537474020,5.2937,5.2902,5.2903,5.2902,9045.29
1537474080,5.3107,5.2902,5.2921,5.2935,19518.53
1537474140,5.3026,5.2943,5.2946,5.3025,1911.3
1537474200,5.31,5.297,5.2972,5.3042,4218.01
1537474260,5.3091,5.3035,5.3074,5.3086,2059.07
1537474320,5.3067,5.297,5.3048,5.3067,4606.64
1537474380,5.3132,5.2996,5.3063,5.3132,6024.24
1537474440,5.3087,5.3086,5.3087,5.3086,100.24
1537474500,5.3243,5.309,5.311,5.3131,10347.8
1537474560,5.3195,5.3101,5.3121,5.314,2152.15
1537474620,5.3159,5.3106,5.3123,5.3106,12295.63
1537474680,5.3276,5.3126,5.3149,5.3202,12745.03
1537474740,5.3269,5.317,5.3198,5.3267,21853.19
1537474800,5.3306,5.3201,5.3267,5.3306,23649.24
1537474860,5.3367,5.3268,5.3286,5.3284,15450.66
1537474920,5.3301,5.3245,5.3283,5.3298,10213.29
1537474980,5.3298,5.3137,5.3298,5.3194,7363.4
1537475040,5.3188,5.3109,5.3167,5.3114,3639.9
1537475100,5.3135,5.2953,5.3114,5.31,16580.7
1537475160,5.3105,5.3064,5.3077,5.3102,9601.72
1537475220,5.3132,5.3021,5.3104,5.3021,7163.32
1537475280,5.3052,5.2953,5.3021,5.3034,11867
1537475340,5.3002,5.282,5.3,5.2871,16043.03
1537475400,5.2927,5.2622,5.2926,5.2868,44607.1
1537475460,5.3082,5.2831,5.2832,5.3055,8564.16
1537475520,5.3045,5.2791,5.3014,5.2853,6019.37
1537475580,5.2996,5.2807,5.283,5.2878,9873.91
1537475640,5.2929,5.2805,5.2864,5.2889,3976.81
1537475700,5.2892,5.272,5.2871,5.2842,6459.98
1537475760,5.2858,5.2716,5.2858,5.2751,6319.55
1537475820,5.2755,5.2557,5.2755,5.2663,12392.79
1537475880,5.2669,5.2473,5.2663,5.2474,11607.36
1537475940,5.2585,5.2241,5.2473,5.2585,38785.56
1537476000,5.2791,5.2538,5.2585,5.2539,14295.04
1537476060,5.2725,5.2522,5.2577,5.2575,25092.56
1537476120,5.2892,5.2585,5.2585,5.278,12874.59
1537476180,5.2782,5.2631,5.2778,5.2722,7533.55
1537476240,5.2884,5.27,5.27,5.2884,5265.79
1537476300,5.2943,5.2802,5.2913,5.2822,8823.88
1537476360,5.2852,5.2769,5.2844,5.28,7714.37
1537476420,5.3057,5.2823,5.2824,5.2906,14159.57
1537476480,5.3056,5.2881,5.2883,5.3008,5745.7
1537476540,5.3171,5.3015,5.3015,5.3064,6656.4
1537476600,5.309,5.2999,5.3035,5.3027,9733.08
1537476660,5.3064,5.29,5.3028,5.3047,9256.79
1537476720,5.3141,5.3044,5.3044,5.3079,6389.85
1537476780,5.3117,5.3064,5.3077,5.3097,9247.35
1537476840,5.3101,5.3024,5.3064,5.31,21989.19
1537476900,5.3101,5.3,5.31,5.3,11227.16
1537476960,5.3063,5.2973,5.3001,5.3001,8248.84
1537477020,5.3051,5.3,5.3001,5.3049,8252.35
1537477080,5.305,5.3002,5.3029,5.304,3826.13
1537477140,5.3135,5.3006,5.3022,5.3093,12587.89
1537477200,5.317,5.3094,5.3135,5.3164,8222.12
1537477260,5.316,5.3099,5.316,5.3158,5959.99
1537477320,5.3159,5.3042,5.3159,5.3099,7123.9
1537477380,5.3093,5.2935,5.3067,5.2978,6664.03
1537477440,5.3138,5.2936,5.2967,5.3026,7685.62
1537477500,5.3027,5.2944,5.3027,5.2974,2434.18
1537477560,5.3,5.2919,5.2945,5.2957,5179.25
1537477620,5.3001,5.2919,5.2957,5.3001,5354.72
1537477680,5.3025,5.2936,5.302,5.2959,5033.02
1537477740,5.3,5.2922,5.2971,5.2969,4331.62
1537477800,5.3076,5.2946,5.295,5.3076,12404.06
1537477860,5.3099,5.2959,5.2987,5.3035,1774.98
1537477920,5.3065,5.302,5.306,5.3065,4308.88
1537477980,5.3128,5.3024,5.3065,5.3066,1477.58
1537478040,5.3186,5.3025,5.3102,5.3068,11371.88
1537478100,5.3109,5.3018,5.3019,5.31,2440.17
1537478160,5.3135,5.305,5.3067,5.3087,6196.79
1537478220,5.3109,5.3038,5.3071,5.304,140.79
1537478280,5.3102,5.2992,5.3044,5.3062,3142.9
1537478340,5.3115,5.3065,5.3085,5.31,4673.65
1537478400,5.3143,5.31,5.31,5.3143,7379.81
1537478460,5.3159,5.3102,5.3123,5.3159,11844.25
1537478520,5.3178,5.3113,5.3159,5.3163,9063.15
1537478580,5.331,5.31,5.3145,5.33,20936.89
1537478640,5.3401,5.3298,5.3301,5.3348,30164.26
1537478700,5.3395,5.3282,5.3348,5.331,6309.63
1537478760,5.3339,5.3274,5.3288,5.3284,5511.79
1537478820,5.3309,5.3269,5.328,5.3306,7850.83
1537478880,5.3283,5.3178,5.3271,5.3198,2978.5
1537478940,5.3286,5.32,5.32,5.3243,1928.75
1537479000,5.3385,5.3284,5.3295,5.3375,3544.81
1537479060,5.34,5.3341,5.3375,5.3342,3239.43
1537479120,5.3475,5.3365,5.3366,5.345,6765.89
1537479180,5.3516,5.3446,5.3449,5.3479,10787.48
1537479240,5.3516,5.3402,5.3483,5.3402,10554.84
1537479300,5.3433,5.332,5.3433,5.3358,6561.68
1537479360,5.3397,5.3345,5.3358,5.3395,11306.22
1537479420,5.3394,5.3308,5.3351,5.3343,8059.5
1537479480,5.3493,5.3347,5.3347,5.3471,5441.47
1537479540,5.3529,5.3446,5.3462,5.3498,6365.89
1537479600,5.3899,5.3459,5.351,5.3802,35330.67
1537479660,5.3971,5.3767,5.3768,5.3942,23155.69
1537479720,5.4018,5.3881,5.3925,5.3935,69329.77
1537479780,5.3997,5.38,5.3997,5.3863,18991.11
1537479840,5.3809,5.3628,5.3809,5.3689,5264.75
1537479900,5.377,5.37,5.3723,5.3751,9670.34
1537479960,5.38,5.372,5.3777,5.3721,6120.92
1537480020,5.3866,5.3704,5.3721,5.3866,14004.2
1537480080,5.387,5.3738,5.3777,5.3806,1220.58
1537480140,5.387,5.3807,5.384,5.3841,12270.36
1537480200,5.3874,5.3806,5.382,5.3853,7974.86
1537480260,5.4001,5.3835,5.3854,5.3998,21596.39
1537480320,5.4101,5.3974,5.3999,5.4045,9629.95
1537480380,5.411,5.402,5.4035,5.4109,20804.93
1537480440,5.42,5.4,5.4109,5.4052,11043.41
1537480500,5.4151,5.4053,5.4062,5.4094,9637.09
1537480560,5.4255,5.4076,5.4148,5.4174,20133.35
1537480620,5.45,5.4121,5.4139,5.4448,22414.46
1537480680,5.48,5.4413,5.4449,5.48,89457.29
1537480740,5.5,5.476,5.476,5.4931,78864.19
1537480800,5.498,5.48,5.4898,5.484,38830.98
1537480860,5.4905,5.4712,5.484,5.4798,22983.9
1537480920,5.4796,5.4603,5.4756,5.4702,8725.76
1537480980,5.4736,5.4686,5.4702,5.4689,12736.55
1537481040,5.4722,5.451,5.4722,5.451,18192.26
1537481100,5.477,5.4514,5.4576,5.471,17676.08
1537481160,5.4778,5.4635,5.4712,5.4743,11443.23
1537481220,5.4743,5.4607,5.4743,5.4651,5977.6
1537481280,5.4892,5.4633,5.4693,5.4889,15430.71
1537481340,5.4886,5.4669,5.4874,5.4701,5469.94
1537481400,5.4701,5.461,5.4701,5.4685,4279.11
1537481460,5.4685,5.4441,5.4635,5.4539,13269.7
1537481520,5.4676,5.448,5.4539,5.4552,14897.7
1537481580,5.4649,5.453,5.4648,5.4645,16091.93
1537481640,5.465,5.4568,5.4644,5.4574,8077.01
1537481700,5.4588,5.4501,5.4561,5.4563,6792.65
1537481760,5.462,5.4511,5.4563,5.4571,2905.02
1537481820,5.46,5.4527,5.4573,5.4583,13409.26
1537481880,5.4713,5.4581,5.4581,5.471,6709.72
1537481940,5.4951,5.4643,5.471,5.4739,12806.08
1537482000,5.4748,5.4674,5.4739,5.4748,6206.24
1537482060,5.484,5.4687,5.4695,5.4809,15818.73
1537482120,5.55,5.4807,5.4812,5.51,53599.8
1537482180,5.5367,5.4878,5.5105,5.4884,17488.82
1537482240,5.5011,5.4883,5.4884,5.5005,17343.08
1537482300,5.5119,5.4957,5.5025,5.5057,18888.85
1537482360,5.5045,5.4883,5.5,5.4996,14940.78
1537482420,5.5033,5.4913,5.4994,5.5032,13986.24
1537482480,5.5036,5.4754,5.4988,5.4789,13006.76
1537482540,5.4897,5.475,5.4781,5.4855,9704.87
1537482600,5.5,5.4836,5.4896,5.4999,8477.73
1537482660,5.5176,5.4932,5.4933,5.5161,15923
1537482720,5.5176,5.4863,5.5161,5.4953,17025.37
1537482780,5.5004,5.475,5.4953,5.4963,12599.66
1537482840,5.4947,5.4828,5.4946,5.4874,11906.31
1537482900,5.4925,5.483,5.483,5.4908,5470.22
1537482960,5.4964,5.4867,5.4868,5.4876,13231.88
1537483020,5.4941,5.4717,5.4877,5.4734,29891.81
1537483080,5.4793,5.4543,5.4756,5.46,20329.98
1537483140,5.4733,5.4501,5.46,5.4684,7489.68
1537483200,5.478,5.4681,5.4717,5.4718,6598.46
1537483260,5.4807,5.4718,5.4723,5.4718,8866.32
1537483320,5.476,5.4681,5.4718,5.4737,6784.84
1537483380,5.4761,5.4661,5.4761,5.4693,12191.94
1537483440,5.4767,5.4693,5.4727,5.4767,9666.86
1537483500,5.4758,5.4701,5.4747,5.4758,5473.27
1537483560,5.4758,5.4654,5.4758,5.4704,4815.95
1537483620,5.499,5.4677,5.4706,5.4874,12370.88
1537483680,5.5172,5.4875,5.4908,5.51,16989.36
1537483740,5.5146,5.4995,5.5101,5.5,9654.92
1537483800,5.5149,5.4919,5.5043,5.5146,11181.8
1537483860,5.5108,5.5013,5.51,5.5092,10591.65
1537483920,5.5171,5.5041,5.509,5.513,14969.57
1537483980,5.5322,5.513,5.517,5.5312,12122.72
1537484040,5.532,5.5166,5.5252,5.53,6898.06
1537484100,5.5487,5.5241,5.532,5.545,20648.12
1537484160,5.5901,5.5397,5.5498,5.5664,29434.55
1537484220,5.5873,5.553,5.5658,5.5839,34526.16
1537484280,5.5959,5.5741,5.58,5.5953,32229.57
1537484340,5.6096,5.5759,5.5953,5.5984,38793.95
1537484400,5.69,5.5946,5.5981,5.6788,82120.36
1537484460,5.78,5.6743,5.6788,5.7717,108100.5
1537484520,5.8199,5.7716,5.7754,5.7844,75592.6
1537484580,5.791,5.6782,5.7844,5.7405,63192.84
1537484640,5.8582,5.7405,5.7405,5.8117,192181.67
1537484700,5.8308,5.787,5.8262,5.791,55359.82
1537484760,5.8038,5.7647,5.791,5.7771,29663.8
1537484820,5.7824,5.7435,5.7774,5.7567,20150.33
1537484880,5.7623,5.75,5.7563,5.75,27585.41
1537484940,5.7536,5.73,5.75,5.7486,18230.58
1537485000,5.7578,5.7393,5.7481,5.7487,19951.32
1537485060,5.7754,5.7486,5.749,5.7754,22356.63
1537485120,5.79,5.7701,5.7754,5.7778,15581.24
1537485180,5.7806,5.7561,5.7778,5.7615,12486.77
1537485240,5.7664,5.756,5.759,5.756,12081
1537485300,5.7715,5.7544,5.756,5.7544,5065.66
1537485360,5.768,5.75,5.7618,5.75,13456.79
1537485420,5.7513,5.7169,5.7513,5.7172,23390.17
1537485480,5.7361,5.7172,5.7174,5.736,9224.48
1537485540,5.7599,5.7327,5.7327,5.7552,6794.25
1537485600,5.7549,5.7321,5.75,5.7344,12456.52
1537485660,5.7422,5.73,5.7421,5.73,8818.4
1537485720,5.7391,5.7212,5.73,5.7212,7101.42
1537485780,5.7384,5.7226,5.7317,5.7271,4184.78
1537485840,5.7345,5.7232,5.7298,5.7232,3546
1537485900,5.7293,5.6826,5.7233,5.6909,16053.57
1537485960,5.7208,5.6826,5.6948,5.7125,26066.16
1537486020,5.72,5.6996,5.7073,5.7198,16132.56
1537486080,5.7234,5.709,5.72,5.7127,8885.38
1537486140,5.72,5.7075,5.7076,5.72,10171.77
1537486200,5.749,5.7198,5.72,5.7478,10333.26
1537486260,5.7599,5.7478,5.7478,5.7563,9938.37
1537486320,5.7597,5.72,5.7563,5.7211,23514.85
1537486380,5.7293,5.7149,5.7227,5.7233,3666.54
1537486440,5.7384,5.723,5.724,5.7299,10578.52
1537486500,5.7496,5.73,5.7301,5.7394,11740.15
1537486560,5.74,5.7325,5.7398,5.7396,4014.05
1537486620,5.7421,5.7339,5.7373,5.7395,3360.58
1537486680,5.7541,5.7368,5.7433,5.7501,12074
1537486740,5.7511,5.74,5.7504,5.7445,4474.16
1537486800,5.754,5.7401,5.7422,5.7499,6993.71
1537486860,5.771,5.7485,5.7499,5.771,6852.19
1537486920,5.7782,5.7615,5.7657,5.7752,11332.78
1537486980,5.78,5.7489,5.7782,5.7591,14693.55
1537487040,5.768,5.7454,5.7591,5.768,14392.98
1537487100,5.7728,5.7494,5.7705,5.7495,7274.22
1537487160,5.7559,5.7297,5.7559,5.7338,8930.57
1537487220,5.7551,5.734,5.7384,5.75,18945.85
1537487280,5.7523,5.7417,5.7523,5.7444,19731.83
1537487340,5.7478,5.725,5.7445,5.736,8269.81
1537487400,5.7411,5.7248,5.7337,5.7411,6722.66
1537487460,5.7413,5.7324,5.7324,5.7335,7776.87
1537487520,5.74,5.7298,5.7335,5.74,8872.68
1537487580,5.7436,5.7288,5.7309,5.7288,10432.23
1537487640,5.7371,5.7288,5.7289,5.7325,8017.69
1537487700,5.7403,5.7288,5.7319,5.7395,8139.45
1537487760,5.7394,5.73,5.7391,5.7352,1970.86
1537487820,5.7452,5.7391,5.7397,5.7429,7393.5
1537487880,5.7489,5.7383,5.744,5.7458,7316.82
1537487940,5.7457,5.7414,5.7414,5.7432,9144.66
1537488000,5.7467,5.7352,5.7432,5.7467,12207.34
1537488060,5.7659,5.7438,5.7444,5.7659,13427.44
1537488120,5.7629,5.7518,5.7557,5.7579,4485.33
1537488180,5.7712,5.7557,5.7579,5.77,27018.77
1537488240,5.7755,5.758,5.7673,5.7638,10997.21
1537488300,5.7613,5.753,5.7547,5.7576,3071.52
1537488360,5.7644,5.75,5.7643,5.75,13743.73
1537488420,5.7519,5.7231,5.7442,5.735,10284.37
1537488480,5.7384,5.7283,5.732,5.7348,9590.85
1537488540,5.7432,5.7319,5.7349,5.7376,6149.45
1537488600,5.7488,5.7362,5.7396,5.7404,5175.53
1537488660,5.7498,5.7367,5.7407,5.7452,7189.5
1537488720,5.75,5.7427,5.7455,5.7436,7581.86
1537488780,5.765,5.7437,5.748,5.765,10742.94
1537488840,5.7954,5.7509,5.7581,5.7777,36232.79
1537488900,5.7795,5.7535,5.7776,5.7641,9492.23
1537488960,5.7852,5.7647,5.7647,5.7764,10056.24
1537489020,5.7764,5.7557,5.7764,5.7709,11783.36
1537489080,5.7732,5.7523,5.7667,5.7534,8051.04
1537489140,5.7643,5.751,5.7539,5.7511,5828.97
1537489200,5.7549,5.7385,5.7512,5.739,3885.03
1537489260,5.8205,5.7336,5.7389,5.746,39094.99
1537489320,5.7662,5.7442,5.7462,5.761,9749.85
1537489380,5.7713,5.7454,5.7611,5.7501,13492.16
1537489440,5.7519,5.7418,5.7455,5.7437,5247.92
1537489500,5.7482,5.7329,5.7438,5.734,5523.92
1537489560,5.7346,5.73,5.7346,5.7305,2613.22
1537489620,5.7358,5.73,5.7302,5.7355,4710.05
1537489680,5.7356,5.7239,5.7355,5.7286,7831.23
1537489740,5.7336,5.71,5.7285,5.7149,16684.55
1537489800,5.724,5.7104,5.7232,5.72,4277.15
1537489860,5.7219,5.705,5.7174,5.717,6888.97
1537489920,5.713,5.6626,5.7119,5.6914,47007.37
1537489980,5.7049,5.6796,5.6841,5.6881,31120.45
1537490040,5.7,5.683,5.6988,5.6875,10009.51
1537490100,5.689,5.6798,5.685,5.6798,21295.36
1537490160,5.6937,5.6779,5.6829,5.692,11972.39
1537490220,5.6858,5.6756,5.6858,5.6795,1357.62
1537490280,5.6786,5.667,5.6785,5.667,3355.61
1537490340,5.6716,5.6645,5.667,5.6657,6495.7
1537490400,5.6795,5.6614,5.6656,5.6633,21347.75
1537490460,5.6724,5.6613,5.6633,5.6666,9803.38
1537490520,5.6696,5.665,5.6682,5.665,39514.26
1537490580,5.6646,5.6563,5.6605,5.6563,12090.09
1537490640,5.6699,5.6563,5.6572,5.6694,8217.34
1537490700,5.67,5.6587,5.6643,5.6697,6325.82
1537490760,5.6777,5.6674,5.6674,5.6703,4384.23
1537490820,5.6739,5.6537,5.6703,5.6542,25160.21
1537490880,5.6591,5.6366,5.6528,5.6427,12408.61
1537490940,5.6519,5.6419,5.6516,5.6423,13049.91
1537491000,5.6507,5.6304,5.6455,5.6466,7213.35
1537491060,5.6608,5.6469,5.6469,5.6583,8464.16
1537491120,5.6583,5.6495,5.6546,5.6544,15083.36
1537491180,5.6618,5.6486,5.6499,5.6618,14102.24
1537491240,5.6637,5.6566,5.6618,5.6581,2827.41
1537491300,5.6624,5.6567,5.658,5.6589,2019.07
1537491360,5.6589,5.6527,5.6589,5.6544,5053.39
1537491420,5.66,5.6546,5.6588,5.6597,5017.11
1537491480,5.6718,5.6574,5.6599,5.6645,18278
1537491540,5.6821,5.6665,5.6695,5.6821,6620.79
1537491600,5.6923,5.6752,5.6787,5.678,11861.68
1537491660,5.7,5.678,5.681,5.6804,6893.93
1537491720,5.6848,5.678,5.6803,5.678,3603.55
1537491780,5.6796,5.67,5.6781,5.673,9373.66
1537491840,5.6726,5.657,5.6726,5.6644,5327.62
1537491900,5.6654,5.6568,5.6616,5.6653,2818.29
1537491960,5.6665,5.659,5.6665,5.6652,812.91
1537492020,5.6608,5.6498,5.6608,5.6498,5453.08
1537492080,5.6675,5.6507,5.6561,5.666,4936.61
1537492140,5.6781,5.6671,5.6671,5.6726,8109.28
1537492200,5.68,5.67,5.6726,5.6738,6900.88
1537492260,5.6771,5.6692,5.6722,5.6771,3284.19
1537492320,5.683,5.672,5.678,5.683,6654.26
1537492380,5.6873,5.6768,5.6785,5.6802,10193.47
1537492440,5.687,5.6592,5.6869,5.6647,10442.12
1537492500,5.6785,5.6531,5.6647,5.6551,6813.75
1537492560,5.6607,5.6507,5.6532,5.6583,10752.44
1537492620,5.6543,5.64,5.6543,5.6496,8682.8
1537492680,5.6574,5.6462,5.6495,5.6463,11107.64
1537492740,5.6463,5.6161,5.6463,5.6305,14252.42
1537492800,5.6324,5.6299,5.6324,5.6306,5726.86
1537492860,5.6441,5.63,5.63,5.6399,11523.47
1537492920,5.6452,5.6358,5.6399,5.6415,8417
1537492980,5.6417,5.6328,5.6417,5.6384,6038.28
1537493040,5.6383,5.6224,5.6342,5.6341,30433.46
1537493100,5.6397,5.6338,5.6345,5.6338,10771.26
1537493160,5.6396,5.6336,5.6338,5.6389,6280.1
1537493220,5.646,5.6368,5.6368,5.6459,9258.25
1537493280,5.6539,5.6415,5.6457,5.6489,6834.75
1537493340,5.6539,5.6443,5.6523,5.6485,6711.74
1537493400,5.6525,5.645,5.6485,5.6516,5933.72
1537493460,5.6513,5.6392,5.65,5.6435,6113.92
1537493520,5.6459,5.6415,5.6437,5.6459,4875.39
1537493580,5.6457,5.6388,5.6439,5.6433,4752.42
1537493640,5.646,5.6381,5.6434,5.6459,7165.92
1537493700,5.6459,5.6414,5.6459,5.6414,4070.02
1537493760,5.6438,5.6394,5.6414,5.6429,280.7
1537493820,5.6439,5.6344,5.6423,5.636,13048.85
1537493880,5.636,5.6313,5.636,5.6339,5098.52
1537493940,5.6389,5.6302,5.6326,5.6333,6177.75
1537494000,5.6346,5.6313,5.6333,5.6321,3164.83
1537494060,5.6368,5.6325,5.6328,5.6367,5389.51
1537494120,5.6379,5.6325,5.6363,5.6353,14054.52
1537494180,5.6399,5.6269,5.6339,5.6315,9033.64
1537494240,5.64,5.6316,5.6334,5.6399,4670.99
1537494300,5.6389,5.6321,5.637,5.6359,11999.14
1537494360,5.6522,5.6359,5.6374,5.65,15530.03
1537494420,5.6633,5.6519,5.6519,5.6548,4944.09
1537494480,5.6675,5.6545,5.6627,5.6668,9148.29
1537494540,5.6676,5.6595,5.6646,5.6595,6321.15
1537494600,5.6667,5.6496,5.6613,5.655,3278.34
1537494660,5.6582,5.6547,5.6547,5.6582,53.67
1537494720,5.6644,5.6589,5.6603,5.6606,2315.3
1537494780,5.6729,5.6606,5.6627,5.6721,21858.35
1537494840,5.6723,5.6644,5.6663,5.672,14131.64
1537494900,5.6754,5.6628,5.6721,5.6651,11115.29
1537494960,5.6652,5.6629,5.6651,5.6652,5216.19
1537495020,5.6796,5.6671,5.6671,5.6756,7990.21
1537495080,5.6872,5.6748,5.6751,5.6816,10835.12
1537495140,5.6831,5.6705,5.6831,5.6705,4731.22
1537495200,5.6752,5.6663,5.6752,5.6696,1764.06
1537495260,5.6673,5.6615,5.6673,5.6615,7633.44
1537495320,5.6621,5.6562,5.6614,5.6575,9759.52
1537495380,5.6794,5.6577,5.6577,5.6714,3500.34
1537495440,5.6719,5.6674,5.67,5.6695,4594.42
1537495500,5.6736,5.6661,5.6704,5.6661,3321.84
1537495560,5.6855,5.6717,5.6726,5.674,8060.42
1537495620,5.6869,5.6769,5.6777,5.6809,4965.42
1537495680,5.6851,5.66,5.683,5.66,10674.03
1537495740,5.6751,5.6699,5.675,5.6734,459.87
1537495800,5.6734,5.6705,5.6734,5.6717,5138.98
1537495860,5.6741,5.6708,5.6708,5.6741,8729.91
1537495920,5.6741,5.6713,5.6731,5.674,4591.89
1537495980,5.6741,5.67,5.6724,5.6741,6046.79
1537496040,5.6741,5.6732,5.6732,5.6741,1409.29
1537496100,5.6872,5.6769,5.6772,5.6818,5542.82
1537496160,5.69,5.6817,5.6817,5.69,5495.46
1537496220,5.6924,5.6847,5.69,5.688,3006.04
1537496280,5.6929,5.689,5.6891,5.6904,2248.89
1537496340,5.6976,5.6909,5.6919,5.697,3506.11
1537496400,5.7057,5.6971,5.6971,5.7057,9470.99
1537496460,5.7066,5.7006,5.7057,5.7065,9381.55
1537496520,5.7062,5.7,5.7061,5.7001,8516.05
1537496580,5.7045,5.7001,5.7002,5.701,4225.02
1537496640,5.7103,5.7008,5.7042,5.7064,4168.49
1537496700,5.7103,5.7,5.7058,5.7,5988.5
1537496760,5.703,5.6988,5.699,5.7028,5618.43
1537496820,5.7041,5.7003,5.703,5.7019,3065.68
1537496880,5.712,5.7025,5.7034,5.7069,11377.35
1537496940,5.7074,5.7035,5.7068,5.7044,2853.34
1537497000,5.7117,5.7061,5.7061,5.7075,7528.83
1537497060,5.7135,5.7078,5.7097,5.7091,4381.3
1537497120,5.7181,5.7094,5.7132,5.7154,4932.61
1537497180,5.7332,5.7176,5.7181,5.7222,11059.15
1537497240,5.7325,5.7195,5.7259,5.7195,3654.69
1537497300,5.72,5.7023,5.7166,5.7071,4606.21
1537497360,5.7078,5.7027,5.7078,5.7063,4182.16
1537497420,5.7142,5.7043,5.7063,5.7142,3650.98
1537497480,5.7094,5.7043,5.7067,5.709,2227.96
1537497540,5.7095,5.705,5.709,5.7095,6132.02
1537497600,5.7128,5.7065,5.7086,5.711,4948.54
1537497660,5.7096,5.707,5.7085,5.7081,7287.25
1537497720,5.7172,5.7084,5.71,5.7143,1841.39
1537497780,5.7247,5.7148,5.7148,5.7191,7395.97
1537497840,5.7223,5.7166,5.719,5.7166,2898.35
1537497900,5.7572,5.7169,5.7169,5.75,25693.68
1537497960,5.783,5.7536,5.7536,5.7799,25724.38
1537498020,5.7762,5.7425,5.7688,5.7487,11156.88
1537498080,5.7513,5.735,5.7487,5.7513,7256.9
1537498140,5.7672,5.7508,5.7558,5.7667,18851.48
1537498200,5.77,5.7383,5.7658,5.7421,4380.1
1537498260,5.7472,5.7209,5.7421,5.7325,16670.54
1537498320,5.735,5.7277,5.7324,5.7301,10553.49
1537498380,5.7334,5.724,5.7249,5.727,5716.07
1537498440,5.7441,5.7319,5.732,5.7369,3923.34
1537498500,5.7693,5.7369,5.738,5.7511,13251.7
1537498560,5.7624,5.746,5.7492,5.7499,8389.1
1537498620,5.7549,5.742,5.75,5.7544,9922.61
1537498680,5.7564,5.7478,5.7507,5.7481,8530.59
1537498740,5.7539,5.7415,5.7485,5.743,6642.96
1537498800,5.7526,5.7415,5.7419,5.7526,3099.23
1537498860,5.7528,5.745,5.7488,5.7522,5885.82
1537498920,5.7524,5.7368,5.7477,5.737,10914.3
1537498980,5.742,5.7186,5.733,5.7321,16998.58
1537499040,5.7318,5.7226,5.7259,5.7245,4730.69
1537499100,5.7255,5.6997,5.7245,5.7186,4969.04
1537499160,5.7212,5.7094,5.7212,5.7146,2572.49
1537499220,5.7799,5.7106,5.7128,5.7238,26081.96
1537499280,5.7334,5.7195,5.728,5.7195,2663.14
1537499340,5.7185,5.6999,5.7184,5.6999,13644.4
1537499400,5.7096,5.6945,5.7,5.7,30950.47
1537499460,5.7122,5.7,5.7,5.7012,6964.88
1537499520,5.7082,5.7,5.7013,5.7001,10109.47
1537499580,5.7003,5.6958,5.7001,5.6958,5620.82
1537499640,5.7002,5.6958,5.6988,5.6962,10518.92
1537499700,5.6978,5.6842,5.6959,5.6882,11760.55
1537499760,5.6935,5.6843,5.6843,5.6904,9515.95
1537499820,5.6928,5.6871,5.6886,5.6882,4242.03
1537499880,5.6924,5.6866,5.6923,5.6897,1110.71
1537499940,5.6909,5.6866,5.6882,5.6867,4600.4
1537500000,5.69,5.6859,5.6865,5.6898,6555.56
1537500060,5.6935,5.6846,5.6857,5.6935,6855.99
1537500120,5.7116,5.6934,5.6934,5.7096,12230.52
1537500180,5.7158,5.6959,5.7096,5.6959,1900.23
1537500240,5.6987,5.6902,5.6959,5.6974,4950.52
1537500300,5.7092,5.6975,5.6975,5.7092,5230.26
1537500360,5.708,5.7042,5.706,5.708,5254.78
1537500420,5.7163,5.7079,5.7089,5.71,4312.42
1537500480,5.7139,5.7057,5.7104,5.7063,4808.01
1537500540,5.7162,5.7044,5.7095,5.7094,7122.62
1537500600,5.7094,5.7034,5.7094,5.7086,7735.15
1537500660,5.7086,5.7,5.7067,5.7081,7748.99
1537500720,5.71,5.7052,5.7065,5.71,12991.01
1537500780,5.7134,5.708,5.7092,5.7091,2584.97
1537500840,5.7127,5.7078,5.7109,5.7127,6706.33
1537500900,5.7127,5.7086,5.7113,5.7089,2451.31
1537500960,5.7121,5.709,5.7121,5.7092,7377.65
1537501020,5.7128,5.7091,5.7091,5.7128,9333.36
1537501080,5.7247,5.7114,5.7114,5.7242,8964.94
1537501140,5.7293,5.7151,5.7214,5.7184,4672.58
1537501200,5.7277,5.7171,5.718,5.7277,7769.29
1537501260,5.738,5.7231,5.7274,5.7355,6742.15
1537501320,5.7454,5.73,5.7377,5.7421,5409.81
1537501380,5.7421,5.7204,5.7392,5.7296,10934.74
1537501440,5.7407,5.723,5.7315,5.7378,5992.23
1537501500,5.7408,5.7296,5.7388,5.7353,4812.64
1537501560,5.7354,5.7273,5.7273,5.7344,3022.29
1537501620,5.7372,5.73,5.7326,5.7307,2127.25
1537501680,5.7349,5.7307,5.7348,5.7348,4679.18
1537501740,5.7353,5.7306,5.7306,5.732,3156.05
1537501800,5.7321,5.7273,5.7312,5.7316,7829.76
1537501860,5.7312,5.7227,5.7284,5.7311,6077.46
1537501920,5.7321,5.7188,5.7254,5.7277,1453.44
1537501980,5.7248,5.71,5.7248,5.7103,3251.77
1537502040,5.7136,5.7086,5.7101,5.7099,9167.93
1537502100,5.7128,5.7073,5.7086,5.7128,5495.4
1537502160,5.7128,5.7097,5.711,5.7125,4213.11
1537502220,5.7121,5.7084,5.7121,5.7113,6497.91
1537502280,5.7112,5.7063,5.7084,5.7074,9139.94
1537502340,5.7127,5.7075,5.7075,5.7112,3225.37
1537502400,5.7201,5.7092,5.7092,5.7189,8342.86
1537502460,5.7192,5.7151,5.7153,5.7192,8249.48
1537502520,5.726,5.71,5.7189,5.7103,2576.6
1537502580,5.7125,5.6978,5.7125,5.7,8097.18
1537502640,5.7028,5.6978,5.7,5.7,1781.56
1537502700,5.7026,5.7004,5.7026,5.7023,3576.54
1537502760,5.7025,5.689,5.7007,5.69,6510.97
1537502820,5.697,5.6892,5.69,5.6945,5657.11
1537502880,5.6946,5.6883,5.6945,5.6898,5964.13
1537502940,5.693,5.6878,5.6899,5.693,9561.49
1537503000,5.6977,5.6915,5.6945,5.6977,2546.7
1537503060,5.6979,5.6935,5.6937,5.694,8861.55
1537503120,5.6982,5.6944,5.6944,5.6982,4801.27
1537503180,5.7,5.6966,5.6983,5.6967,8207.25
1537503240,5.7008,5.6948,5.6988,5.6966,4542.59
1537503300,5.7023,5.6966,5.7022,5.7001,8444.66
1537503360,5.7016,5.7001,5.7008,5.7002,6019
1537503420,5.7023,5.6945,5.7003,5.6945,11068.32
1537503480,5.6953,5.6855,5.6946,5.6903,4376.39
1537503540,5.692,5.6877,5.6903,5.6901,4154.33
1537503600,5.6876,5.6851,5.6876,5.6867,5890.22
1537503660,5.687,5.6789,5.6856,5.6848,6969.32
1537503720,5.6895,5.685,5.685,5.6854,4603.63
1537503780,5.6895,5.6809,5.6853,5.6878,3750.38
1537503840,5.6894,5.6858,5.6872,5.6877,10627.52
1537503900,5.6877,5.6836,5.6877,5.6858,8726.91
1537503960,5.6962,5.6858,5.6864,5.6962,7869.31
1537504020,5.6938,5.687,5.687,5.6882,8297.06
1537504080,5.6906,5.688,5.6881,5.6883,5591.07
1537504140,5.6924,5.6882,5.6882,5.6886,7843.02
1537504200,5.6924,5.6784,5.6886,5.6848,4490.79
1537504260,5.6867,5.6778,5.6838,5.679,5065.44
1537504320,5.6805,5.6702,5.6779,5.6805,6123.95
1537504380,5.6749,5.6702,5.6749,5.6703,8345.74
1537504440,5.6827,5.6719,5.6719,5.6805,1855.13
1537504500,5.6816,5.6772,5.6777,5.6796,1382.39
1537504560,5.6803,5.6637,5.6773,5.6659,7170.87
1537504620,5.6767,5.6677,5.6767,5.6745,3848.79
1537504680,5.6748,5.6704,5.6704,5.674,7996.78
1537504740,5.6767,5.6725,5.674,5.6766,10958.42
1537504800,5.6804,5.6756,5.6761,5.6803,10594.65
1537504860,5.6802,5.6772,5.6786,5.6776,6533.16
1537504920,5.683,5.6775,5.6788,5.6776,9781.69
1537504980,5.6823,5.6773,5.6777,5.6823,6185.71
1537505040,5.6922,5.6787,5.6823,5.692,3742.28
1537505100,5.692,5.6846,5.6918,5.6918,3416.31
1537505160,5.6947,5.6869,5.6918,5.6888,5242
1537505220,5.6885,5.6862,5.6863,5.6885,1131.24
1537505280,5.6903,5.6881,5.6903,5.6882,5426.09
1537505340,5.6882,5.6882,5.6882,5.6882,1483.41
1537505400,5.694,5.6881,5.6881,5.694,7642.34
1537505460,5.6966,5.6933,5.6946,5.6966,4144.55
1537505520,5.6997,5.6933,5.6982,5.6962,14165.34
1537505580,5.696,5.693,5.6945,5.696,1240.66
1537505640,5.6993,5.6958,5.6959,5.6993,6988.57
1537505700,5.6996,5.6959,5.6996,5.6961,12696.4
1537505760,5.7059,5.6961,5.6988,5.7059,2155.92
1537505820,5.7061,5.7031,5.706,5.7038,9531.94
1537505880,5.7104,5.7036,5.7049,5.7062,3228.38
1537505940,5.7095,5.7,5.7095,5.7009,10983.56
1537506000,5.7001,5.6928,5.7,5.697,5170.51
1537506060,5.697,5.6933,5.697,5.6938,3096.47
1537506120,5.6955,5.6906,5.6955,5.6927,1364.37
1537506180,5.6937,5.6885,5.6927,5.6924,4871.19
1537506240,5.6988,5.6911,5.6924,5.6946,1533.35
1537506300,5.6988,5.6946,5.6958,5.6983,5396.01
1537506360,5.696,5.6879,5.6916,5.6922,7009.84
1537506420,5.6914,5.6879,5.6885,5.691,6002.94
1537506480,5.6893,5.6851,5.6879,5.6871,6714.89
1537506540,5.6989,5.6838,5.687,5.6909,8461.38
1537506600,5.6994,5.6922,5.6922,5.6924,1719.5
1537506660,5.6988,5.6909,5.6988,5.6909,6344.04
1537506720,5.6964,5.6909,5.6911,5.692,6648.52
1537506780,5.6937,5.6913,5.6926,5.6914,10644.33
1537506840,5.6922,5.6854,5.6913,5.6894,7577.36
1537506900,5.6894,5.6853,5.6856,5.6894,2808.4
1537506960,5.6898,5.6863,5.6898,5.6892,1172.92
1537507020,5.6894,5.685,5.6892,5.6892,5218.25
1537507080,5.6892,5.6851,5.6877,5.6853,5125.06
1537507140,5.6892,5.685,5.6872,5.6858,9621.37
1537507200,5.6878,5.6827,5.6878,5.6873,6726.61
1537507260,5.6873,5.6849,5.6853,5.6849,3600.82
1537507320,5.6894,5.6791,5.6873,5.6791,5641.83
1537507380,5.6876,5.664,5.6846,5.6778,12787.39
1537507440,5.6773,5.6462,5.6701,5.6551,15211.11
1537507500,5.6636,5.6491,5.6503,5.661,7817.21
1537507560,5.6708,5.6602,5.6636,5.6648,215.25
1537507620,5.6648,5.6612,5.6612,5.6617,4745.3
1537507680,5.67,5.6619,5.6623,5.662,6869.78
1537507740,5.6624,5.6537,5.6619,5.6551,9188.13
1537507800,5.6574,5.6533,5.6559,5.6553,3782.13
1537507860,5.6719,5.6574,5.6574,5.6717,316.61
1537507920,5.6739,5.6687,5.6687,5.6696,4448.24
1537507980,5.674,5.6662,5.6704,5.6722,5495.39
1537508040,5.6722,5.667,5.6705,5.6694,7677.44
1537508100,5.6799,5.6667,5.6682,5.6799,6094.14
1537508160,5.6875,5.6778,5.6814,5.6826,5425.27
1537508220,5.6894,5.6828,5.6849,5.6886,6303.68
1537508280,5.6877,5.6728,5.6833,5.6728,5139.69
1537508340,5.681,5.6667,5.681,5.6719,3043.67
1537508400,5.6841,5.673,5.673,5.6796,2841.17
1537508460,5.6812,5.6775,5.6775,5.6775,223.51
1537508520,5.676,5.6706,5.6759,5.6706,3071.7
1537508580,5.6757,5.6693,5.6731,5.6756,2069.74
1537508640,5.6772,5.6707,5.6756,5.6707,1560.59
1537508700,5.6768,5.6679,5.671,5.6766,3273.42
1537508760,5.6774,5.671,5.6766,5.6722,4258.86
1537508820,5.6758,5.671,5.6725,5.671,3913.6
1537508880,5.673,5.67,5.671,5.67,4401.29
1537508940,5.6702,5.6656,5.6691,5.6656,5439.85
1537509000,5.6709,5.6622,5.6653,5.6689,6136.27
1537509060,5.669,5.6654,5.667,5.6664,9384.67
1537509120,5.677,5.6676,5.6676,5.6748,6396.22
1537509180,5.679,5.6646,5.6766,5.6663,3953.37
1537509240,5.68,5.6711,5.6718,5.6765,887.79
1537509300,5.68,5.672,5.6765,5.6786,6131.31
1537509360,5.6799,5.6744,5.675,5.6798,7242.72
1537509420,5.6797,5.6758,5.676,5.6793,6013.39
1537509480,5.6793,5.6728,5.6793,5.6793,3251.26
1537509540,5.6793,5.6719,5.679,5.6722,4353.56
1537509600,5.679,5.6721,5.6727,5.6721,7613.61
1537509660,5.6837,5.673,5.673,5.6758,5445.75
1537509720,5.68,5.6722,5.6748,5.6783,6296.21
1537509780,5.6782,5.6729,5.6769,5.676,7361.83
1537509840,5.6825,5.6732,5.6746,5.678,5688.15
1537509900,5.6927,5.6757,5.6779,5.6865,7691.6
1537509960,5.6937,5.6804,5.6867,5.6879,4467.27
1537510020,5.6929,5.6885,5.6929,5.6899,2703.87
1537510080,5.6924,5.6844,5.6885,5.6845,7330.35
1537510140,5.69,5.684,5.6877,5.6872,4711.84
1537510200,5.6951,5.6899,5.6899,5.6951,4164.08
1537510260,5.6951,5.6854,5.69,5.6883,6260.99
1537510320,5.6896,5.6823,5.6874,5.6871,4717.67
1537510380,5.6895,5.6849,5.6871,5.6894,9510.32
1537510440,5.69,5.6884,5.6884,5.69,9743.04
1537510500,5.6938,5.6908,5.6938,5.6917,4507.19
1537510560,5.6952,5.6908,5.6938,5.6951,5060.51
1537510620,5.6951,5.6905,5.6932,5.6905,5190.46
1537510680,5.6921,5.6881,5.6886,5.6886,4341.82
1537510740,5.6917,5.6886,5.6917,5.6886,6742.34
1537510800,5.6884,5.685,5.6884,5.6873,8744.07
1537510860,5.6855,5.6767,5.6855,5.6829,2693.86
1537510920,5.6827,5.678,5.6807,5.6806,10042.78
1537510980,5.685,5.6806,5.6816,5.6812,1624.33
1537511040,5.6863,5.685,5.685,5.6851,5173.38
1537511100,5.6901,5.6833,5.6866,5.685,6813.72
1537511160,5.6866,5.6774,5.686,5.6774,5685.03
1537511220,5.684,5.6789,5.6789,5.684,6880.04
1537511280,5.6884,5.6845,5.6848,5.685,4078.67
1537511340,5.689,5.685,5.685,5.6863,436.81
1537511400,5.6942,5.6864,5.6864,5.6888,13763.05
1537511460,5.6919,5.6889,5.6889,5.6911,3047.58
1537511520,5.6979,5.6912,5.6912,5.6954,999.08
1537511580,5.7107,5.6955,5.6955,5.7053,21145.89
1537511640,5.7249,5.6996,5.7052,5.7193,12531.52
1537511700,5.7312,5.7016,5.7208,5.7215,26706.28
1537511760,5.7267,5.7211,5.7231,5.7211,10717.78
1537511820,5.7226,5.7151,5.7211,5.7151,5041.67
1537511880,5.7206,5.7135,5.7152,5.72,5771.89
1537511940,5.7205,5.716,5.7177,5.7201,5557.87
1537512000,5.733,5.7172,5.7172,5.733,3785.82
1537512060,5.7364,5.7285,5.7327,5.7359,2411.03
1537512120,5.737,5.7232,5.7358,5.736,3699.81
1537512180,5.74,5.7241,5.7381,5.7242,8680.13
1537512240,5.7307,5.7248,5.7307,5.7255,6884.49
1537512300,5.7295,5.7251,5.7272,5.7255,8249.51
1537512360,5.7371,5.7255,5.7255,5.7275,6232.17
1537512420,5.7384,5.7252,5.7288,5.7297,8452.11
1537512480,5.7429,5.7289,5.7331,5.7338,8629.1
1537512540,5.744,5.7317,5.7365,5.7326,2928.42
1537512600,5.738,5.7303,5.7305,5.7333,5666.69
1537512660,5.7349,5.7251,5.7333,5.7251,7013.12
1537512720,5.7278,5.72,5.7251,5.72,2400.04
1537512780,5.7222,5.7131,5.72,5.7175,3941.06
1537512840,5.7204,5.7029,5.7204,5.708,9258.83
1537512900,5.7111,5.7031,5.7089,5.7077,8620.92
1537512960,5.7092,5.7057,5.7076,5.706,5131.01
1537513020,5.7095,5.6929,5.706,5.698,13789.97
1537513080,5.7237,5.7,5.7,5.7219,2663.84
1537513140,5.7243,5.7151,5.7243,5.716,6367.37
1537513200,5.7171,5.6982,5.7165,5.7054,3652.32
1537513260,5.7054,5.7031,5.7031,5.7054,3333.01
1537513320,5.7111,5.7018,5.706,5.7087,2152.53
1537513380,5.7077,5.7001,5.7074,5.7049,3520.63
1537513440,5.7127,5.7034,5.7055,5.7084,4500.19
1537513500,5.7123,5.7095,5.7099,5.7095,4002.97
1537513560,5.7158,5.7075,5.7123,5.7086,2903.19
1537513620,5.7103,5.6915,5.7088,5.7094,3078.24
1537513680,5.731,5.7095,5.7095,5.7244,5324.64
1537513740,5.7323,5.7184,5.7263,5.724,5287.66
1537513800,5.7333,5.7238,5.7333,5.724,2994.43
1537513860,5.7273,5.7169,5.7239,5.7169,6753.91
1537513920,5.7338,5.7194,5.7232,5.7338,2521.35
1537513980,5.7404,5.7306,5.7334,5.7343,5146.52
1537514040,5.757,5.7313,5.737,5.7516,21466.28
1537514100,5.7587,5.747,5.7488,5.747,12372.49
1537514160,5.7533,5.7422,5.7468,5.7489,4489.52
1537514220,5.7569,5.7436,5.7513,5.756,5019.29
1537514280,5.7587,5.7424,5.7545,5.743,10887.64
1537514340,5.7492,5.7422,5.7474,5.7422,2293.47
1537514400,5.745,5.7246,5.7423,5.7297,15954.76
1537514460,5.736,5.7288,5.7293,5.7319,6161.21
1537514520,5.7406,5.732,5.7364,5.732,4941.62
1537514580,5.7498,5.7321,5.7321,5.7498,9626.89
1537514640,5.7463,5.7359,5.7446,5.7426,2792.19
1537514700,5.75,5.7402,5.7421,5.75,9119.76
1537514760,5.75,5.7426,5.7453,5.7498,9951.85
1537514820,5.757,5.7483,5.7483,5.7511,4869.73
1537514880,5.7572,5.7499,5.7509,5.7572,4431
1537514940,5.7735,5.7531,5.7532,5.7706,15836.16
1537515000,5.7808,5.7641,5.7673,5.779,14252.59
1537515060,5.7771,5.7601,5.7759,5.7626,6723.17
1537515120,5.7707,5.76,5.7623,5.7707,6014.54
1537515180,5.7693,5.7579,5.7647,5.7685,3643.79
1537515240,5.7653,5.7443,5.7622,5.7544,9457.63
1537515300,5.7564,5.7492,5.7544,5.7503,9411.22
1537515360,5.7581,5.7501,5.7503,5.7554,7140.75
1537515420,5.7618,5.7509,5.7509,5.7617,10574.79
1537515480,5.7924,5.7571,5.7618,5.7903,14948.01
1537515540,5.8082,5.7804,5.7804,5.8082,19812.28
1537515600,5.8887,5.8017,5.8017,5.8327,80104.46
1537515660,5.85,5.8233,5.8327,5.8256,113665.12
1537515720,5.8317,5.8001,5.8272,5.8131,44530.53
1537515780,5.8294,5.8136,5.8136,5.8177,18444.34
1537515840,5.8409,5.8144,5.8177,5.8344,20486.46
1537515900,5.8361,5.8175,5.826,5.8177,24210.04
1537515960,5.8178,5.8075,5.8178,5.8108,12801.58
1537516020,5.8298,5.8095,5.8107,5.8202,16557.36
1537516080,5.8203,5.8125,5.8146,5.8125,9006.27
1537516140,5.8162,5.8105,5.8126,5.8107,11908.43
1537516200,5.8217,5.811,5.816,5.8183,7336.34
1537516260,5.84,5.8186,5.8186,5.83,14773.69
1537516320,5.84,5.8222,5.8281,5.8234,72421.03
1537516380,5.826,5.8116,5.8235,5.8206,18251.13
1537516440,5.8284,5.8195,5.8206,5.8217,8950.77
1537516500,5.8216,5.807,5.8203,5.8081,13704.68
1537516560,5.8068,5.7916,5.8068,5.7916,9775.55
1537516620,5.8017,5.7915,5.7966,5.7916,6065.33
1537516680,5.8006,5.7886,5.7917,5.7935,9266.25
1537516740,5.8115,5.7944,5.7991,5.8041,10460.96
1537516800,5.817,5.8044,5.8114,5.8126,5487.18
1537516860,5.83,5.813,5.813,5.8253,8082.08
1537516920,5.8324,5.8258,5.8292,5.8324,6274.35
1537516980,5.8582,5.8324,5.8324,5.8582,20417.55
1537517040,5.8733,5.854,5.854,5.8733,23035.75
1537517100,5.8852,5.865,5.871,5.8779,17223.84
1537517160,5.8777,5.85,5.8755,5.863,17513.08
1537517220,5.8879,5.8547,5.8547,5.8879,6444.32
1537517280,5.8983,5.8784,5.888,5.8983,24632.12
1537517340,5.898,5.8652,5.898,5.8706,18681.26
1537517400,5.8945,5.8711,5.8757,5.889,9395.88
1537517460,5.9,5.8893,5.8901,5.8917,24359.19
1537517520,5.9008,5.8753,5.8983,5.8756,23872.96
1537517580,5.8815,5.8409,5.8771,5.8545,11971.72
1537517640,5.868,5.8426,5.8545,5.8626,27326.27
1537517700,5.8697,5.8513,5.8627,5.855,28683.96
1537517760,5.8888,5.85,5.8586,5.8557,11951.49
1537517820,5.8721,5.8506,5.8564,5.8721,5587.4
1537517880,5.8709,5.8558,5.8622,5.8609,14048.93
1537517940,5.8697,5.842,5.8696,5.855,44746.91
1537518000,5.8644,5.855,5.855,5.8599,66184.1
1537518060,5.863,5.8446,5.8597,5.8446,4865.86
1537518120,5.8477,5.8336,5.8445,5.8336,12636.91
1537518180,5.8337,5.8201,5.8337,5.8242,18628.88
1537518240,5.8291,5.8146,5.8242,5.8185,23238.32
1537518300,5.8234,5.8044,5.8146,5.8086,8666.72
1537518360,5.8084,5.7669,5.8026,5.7812,26903.51
1537518420,5.8023,5.7811,5.7812,5.8023,10573.81
1537518480,5.8194,5.7985,5.8024,5.8152,15611.58
1537518540,5.8183,5.8057,5.8162,5.814,9705.66
1537518600,5.8214,5.8072,5.8137,5.82,37803.95
1537518660,5.8287,5.8139,5.8201,5.8139,8256.35
1537518720,5.8218,5.8112,5.8197,5.8206,9190.28
1537518780,5.8233,5.8176,5.8208,5.821,16577.54
1537518840,5.8354,5.82,5.82,5.8307,58180.16
1537518900,5.8339,5.8207,5.8308,5.822,15283.07
1537518960,5.8294,5.8142,5.8247,5.8143,10033.61
1537519020,5.8163,5.8059,5.814,5.8062,31471.27
1537519080,5.8115,5.7952,5.806,5.7972,36550.1
1537519140,5.8,5.7819,5.7973,5.7879,4765.06
1537519200,5.7968,5.7823,5.7921,5.7957,8754.95
1537519260,5.7849,5.7639,5.7849,5.7735,18814.7
1537519320,5.7893,5.7701,5.778,5.774,8891.35
1537519380,5.7745,5.7608,5.7743,5.761,3892.94
1537519440,5.7676,5.75,5.7611,5.75,21852.04
1537519500,5.7675,5.75,5.75,5.7601,30746.92
1537519560,5.7814,5.7651,5.7666,5.7684,9708.23
1537519620,5.7798,5.7617,5.762,5.7756,3544.75
1537519680,5.7756,5.7565,5.7756,5.7676,7317.56
1537519740,5.774,5.761,5.7611,5.7714,3773.16
1537519800,5.7843,5.7718,5.7782,5.7742,9763.62
1537519860,5.78,5.767,5.7773,5.7713,2977.3
1537519920,5.7707,5.76,5.7707,5.7662,3666.57
1537519980,5.7674,5.7639,5.7662,5.7674,6764.99
1537520040,5.7797,5.7639,5.765,5.7701,5616.19
1537520100,5.7726,5.7609,5.7726,5.7609,6041.69
1537520160,5.7686,5.761,5.761,5.7647,1358.67
1537520220,5.77,5.7639,5.764,5.764,2640.63
1537520280,5.78,5.7667,5.7668,5.78,7235.44
1537520340,5.7836,5.7695,5.774,5.7728,5945.92
1537520400,5.7837,5.7736,5.7757,5.7793,3009.3
1537520460,5.7921,5.7795,5.7815,5.7921,31172.11
1537520520,5.7921,5.7799,5.7921,5.7816,3868.8
1537520580,5.8122,5.7828,5.7854,5.79,10684.61
1537520640,5.7922,5.7855,5.79,5.7876,7453.77
1537520700,5.7911,5.7881,5.7881,5.7884,6406.89
1537520760,5.7902,5.7746,5.7883,5.7778,4041.2
1537520820,5.7779,5.77,5.7778,5.7769,9790.6
1537520880,5.7841,5.7674,5.7766,5.778,6083.06
1537520940,5.7781,5.7666,5.778,5.7687,5623.59
1537521000,5.78,5.7666,5.7685,5.7671,14446
1537521060,5.7721,5.7668,5.7674,5.7721,9527.44
1537521120,5.7719,5.7677,5.7709,5.7677,5226.39
1537521180,5.7766,5.7677,5.7689,5.77,40330.52
1537521240,5.7778,5.7692,5.7709,5.776,7430.65
1537521300,5.7756,5.7668,5.7734,5.7699,3604.32
1537521360,5.7712,5.765,5.7712,5.765,4897.73
1537521420,5.7686,5.7577,5.7661,5.7675,2752.85
1537521480,5.7781,5.7652,5.7673,5.7768,12025.4
1537521540,5.7767,5.7626,5.7767,5.7629,5612.73
1537521600,5.7696,5.7595,5.7629,5.762,4212.84
1537521660,5.7777,5.7577,5.76,5.77,5123.26
1537521720,5.7754,5.7627,5.7711,5.7723,1532.83
1537521780,5.772,5.7581,5.7714,5.7699,7131.45
1537521840,5.772,5.7672,5.7692,5.7685,7202
1537521900,5.7717,5.7674,5.7674,5.7702,5405.73
1537521960,5.7701,5.7654,5.7701,5.7654,10907.33
1537522020,5.7674,5.7637,5.7674,5.7653,12383.09
1537522080,5.7653,5.761,5.7652,5.7651,11783
1537522140,5.7651,5.76,5.7651,5.7622,10601.33
1537522200,5.763,5.7579,5.7622,5.7579,11610.22
1537522260,5.7601,5.7511,5.7583,5.7551,6262.93
1537522320,5.7594,5.75,5.7513,5.7594,19403.26
1537522380,5.7585,5.7501,5.7529,5.7501,3666.13
1537522440,5.7598,5.7501,5.7511,5.7589,14700.69
1537522500,5.768,5.759,5.7599,5.7595,15940.13
1537522560,5.7637,5.7585,5.7612,5.7588,3919.37
1537522620,5.7628,5.7561,5.7583,5.7596,2886.61
1537522680,5.7612,5.7566,5.7611,5.7592,1503.94
1537522740,5.7588,5.752,5.7567,5.7565,3619.03
1537522800,5.7606,5.7528,5.7606,5.7531,2119.07
1537522860,5.7565,5.7521,5.7523,5.7565,4685.91
1537522920,5.7564,5.7528,5.7528,5.7563,3713.28
1537522980,5.76,5.752,5.7563,5.76,7505.05
1537523040,5.76,5.7538,5.76,5.76,6864.87
1537523100,5.7599,5.7557,5.7599,5.7598,6978.55
1537523160,5.7599,5.7551,5.7582,5.7596,8913.05
1537523220,5.765,5.7596,5.7596,5.765,4547.32
1537523280,5.774,5.765,5.765,5.7687,5330.08
1537523340,5.78,5.7688,5.7692,5.7774,7246.04
1537523400,5.7774,5.7697,5.7774,5.7701,49265.96
1537523460,5.8042,5.7727,5.7744,5.7977,26903.02
1537523520,5.8123,5.781,5.7977,5.7894,37802.81
1537523580,5.7942,5.7781,5.7942,5.7838,7556.98
1537523640,5.803,5.7857,5.7879,5.8025,9952.74
1537523700,5.8112,5.7987,5.8026,5.8083,11805.98
1537523760,5.8092,5.7957,5.8077,5.8005,5894.75
1537523820,5.8045,5.7944,5.8008,5.7977,6669.25
1537523880,5.7987,5.78,5.7966,5.7945,7325.31
1537523940,5.7915,5.78,5.7913,5.7806,8325.93
1537524000,5.7845,5.78,5.7807,5.7806,2691.1
1537524060,5.7973,5.7805,5.7806,5.7973,5198.77
1537524120,5.7964,5.7881,5.7927,5.7882,10072.76
1537524180,5.7973,5.7883,5.7883,5.7917,6337.39
1537524240,5.7969,5.7738,5.7968,5.7795,5686.43
1537524300,5.78,5.773,5.7797,5.7745,9079.08
1537524360,5.7744,5.7697,5.7744,5.771,5204.61
1537524420,5.7724,5.7684,5.772,5.7696,7065.79
1537524480,5.7707,5.757,5.7693,5.7667,7688.05
1537524540,5.7777,5.7601,5.7663,5.763,16529.54
1537524600,5.7688,5.7601,5.7601,5.7662,7327.24
1537524660,5.7661,5.755,5.7625,5.76,8982.43
1537524720,5.7657,5.7552,5.7595,5.7626,3737.18
1537524780,5.77,5.765,5.7651,5.765,10196.36
1537524840,5.7669,5.7609,5.7669,5.7652,2618.4
1537524900,5.7713,5.7647,5.7647,5.7691,3773.63
1537524960,5.7755,5.7701,5.7729,5.7755,5038.62
1537525020,5.7752,5.7654,5.7716,5.7661,6595.99
1537525080,5.7725,5.7661,5.7681,5.7725,1039.06
1537525140,5.7705,5.7678,5.7681,5.7678,8934.26
1537525200,5.77,5.7571,5.7682,5.758,6563.89
1537525260,5.7619,5.7582,5.7616,5.7619,5940.59
1537525320,5.7619,5.7501,5.7585,5.7556,5225.18
1537525380,5.7588,5.7502,5.7563,5.7509,2063.92
1537525440,5.7571,5.737,5.7502,5.7429,21155.48
1537525500,5.75,5.7284,5.7431,5.7487,16204.02
1537525560,5.75,5.7451,5.7493,5.7499,10583.19
1537525620,5.75,5.7433,5.7481,5.7469,6234.53
1537525680,5.7484,5.74,5.7469,5.7435,7842.54
1537525740,5.7468,5.7426,5.7434,5.7468,4481.28
1537525800,5.7465,5.74,5.7425,5.7403,4569.64
1537525860,5.76,5.7436,5.7454,5.7599,8069.27
1537525920,5.7587,5.7542,5.7549,5.7543,5819.47
1537525980,5.7544,5.75,5.7544,5.7501,8443.32
1537526040,5.7647,5.7538,5.7538,5.7633,3798.14
1537526100,5.7646,5.754,5.7646,5.754,2045.4
1537526160,5.7607,5.7564,5.7591,5.7599,4372.26
1537526220,5.765,5.7574,5.7587,5.7634,7723.77
1537526280,5.7634,5.7603,5.7634,5.7604,7194.89
1537526340,5.7628,5.7582,5.7604,5.7628,10777.76
1537526400,5.766,5.7603,5.7615,5.766,6255.87
1537526460,5.7635,5.7581,5.7633,5.7581,6232.94
1537526520,5.7621,5.75,5.7621,5.751,10223.86
1537526580,5.7549,5.7519,5.7521,5.7531,4495.08
1537526640,5.7541,5.7466,5.7523,5.75,7791.59
1537526700,5.766,5.7526,5.7526,5.765,4023.53
1537526760,5.7645,5.7518,5.76,5.7573,8681.43
1537526820,5.7622,5.7572,5.7572,5.7616,5669.6
1537526880,5.7634,5.7573,5.7596,5.7634,10102.52
1537526940,5.7602,5.7575,5.759,5.7592,5117.46
1537527000,5.7602,5.7542,5.7559,5.7602,4480.7
1537527060,5.7648,5.7591,5.7628,5.7603,5242.46
1537527120,5.7698,5.7602,5.7603,5.7698,8545.11
1537527180,5.7749,5.7664,5.771,5.7744,1131.5
1537527240,5.7921,5.7704,5.7704,5.7752,10109.88
1537527300,5.7831,5.7728,5.7728,5.7768,2453.18
1537527360,5.7881,5.7726,5.7726,5.7881,4704.36
1537527420,5.7893,5.77,5.7893,5.7764,4039.7
1537527480,5.7754,5.7711,5.7714,5.7753,3115.62
1537527540,5.7788,5.7713,5.7753,5.7776,5250.69
1537527600,5.7776,5.7725,5.7776,5.7752,4009.25
1537527660,5.7797,5.7753,5.7797,5.7754,4931.28
1537527720,5.78,5.7754,5.7754,5.7799,7818.82
1537527780,5.7842,5.7767,5.7782,5.7842,6971.92
1537527840,5.7857,5.7831,5.7851,5.7843,4326.96
1537527900,5.794,5.7845,5.7845,5.7927,7506.24
1537527960,5.7975,5.7895,5.7897,5.7967,9440.91
1537528020,5.8022,5.7891,5.795,5.8022,2180.68
1537528080,5.809,5.8022,5.8051,5.8053,6326.71
1537528140,5.8246,5.8053,5.8053,5.8189,10759.63
1537528200,5.8184,5.7952,5.8121,5.7953,8363.96
1537528260,5.808,5.7946,5.801,5.8013,4332.29
1537528320,5.8064,5.7965,5.8011,5.8016,2088.37
1537528380,5.8093,5.799,5.8017,5.8093,1314.65
1537528440,5.8175,5.8049,5.8093,5.8049,7046.67
1537528500,5.8157,5.8026,5.8046,5.8157,5120.92
1537528560,5.82,5.8009,5.8159,5.8024,13857.56
1537528620,5.8283,5.8096,5.8129,5.8275,6078.57
1537528680,5.8293,5.817,5.8201,5.8288,9948.82
1537528740,5.8242,5.8033,5.8242,5.8089,7254.73
1537528800,5.8141,5.804,5.8087,5.8141,5695.77
1537528860,5.8141,5.8062,5.8128,5.811,7536.79
1537528920,5.8151,5.7971,5.8134,5.808,8797.44
1537528980,5.8288,5.8119,5.8193,5.8288,5677.28
1537529040,5.8348,5.822,5.8227,5.8247,28542.71
1537529100,5.8299,5.8137,5.8299,5.8216,8171.18
1537529160,5.8214,5.8086,5.8214,5.8087,5191.38
1537529220,5.8146,5.805,5.8105,5.8079,13014.59
1537529280,5.81,5.8012,5.8079,5.8097,37927.96
1537529340,5.8095,5.7938,5.8095,5.7959,4396.31
1537529400,5.7977,5.7854,5.7977,5.7977,7774.38
1537529460,5.7992,5.7902,5.7947,5.7902,1810.24
1537529520,5.7925,5.7783,5.7901,5.7883,6314.14
1537529580,5.7923,5.7826,5.7888,5.7836,3216.54
1537529640,5.7917,5.7859,5.7908,5.7913,2143.18
1537529700,5.7988,5.7913,5.7913,5.7988,14248.71
1537529760,5.8,5.7957,5.7988,5.8,4170.39
1537529820,5.8051,5.7965,5.7982,5.8007,5447.2
1537529880,5.8051,5.7964,5.803,5.7964,2250.83
1537529940,5.8103,5.8008,5.802,5.8008,3510.13
1537530000,5.8166,5.8022,5.8098,5.8062,5142.28
1537530060,5.8158,5.7998,5.802,5.8158,6014.02
1537530120,5.8124,5.8055,5.8083,5.8057,4525.83
1537530180,5.8133,5.7987,5.8104,5.8047,4834.9
1537530240,5.8018,5.7953,5.7992,5.801,4114.16
1537530300,5.8148,5.7987,5.801,5.8068,3492.33
1537530360,5.8131,5.8018,5.8072,5.8062,3274.9
1537530420,5.815,5.807,5.807,5.815,3926.1
1537530480,5.8255,5.8126,5.815,5.8255,3349.66
1537530540,5.8368,5.8228,5.8252,5.8306,7045.3
1537530600,5.8377,5.8205,5.8304,5.8257,12315.03
1537530660,5.832,5.8189,5.8262,5.8297,8301.81
1537530720,5.8333,5.8177,5.8264,5.8274,12562.16
1537530780,5.8274,5.818,5.8237,5.8249,5300.29
1537530840,5.8438,5.8213,5.8249,5.8438,19636.84
1537530900,5.86,5.8415,5.8447,5.86,24196.32
1537530960,5.8799,5.8441,5.8595,5.859,42697.12
1537531020,5.8728,5.8415,5.8588,5.8637,34888.17
1537531080,5.87,5.8558,5.8631,5.8583,10080.37
1537531140,5.8625,5.85,5.8583,5.85,15032.71
1537531200,5.8535,5.8422,5.8501,5.8422,2667.64
1537531260,5.8483,5.8164,5.8425,5.8167,5470.53
1537531320,5.8237,5.81,5.8178,5.8187,8415.18
1537531380,5.8213,5.81,5.8188,5.8209,7619.03
1537531440,5.8272,5.8111,5.8155,5.823,7622.82
1537531500,5.8393,5.8223,5.8231,5.8223,31077.35
1537531560,5.8222,5.8052,5.8219,5.815,5997.49
1537531620,5.8255,5.8071,5.8079,5.8157,7050.14
1537531680,5.8232,5.8154,5.8183,5.8185,10049.49
1537531740,5.8275,5.8185,5.8204,5.8269,8977.39
1537531800,5.829,5.822,5.8261,5.8253,9364.5
1537531860,5.8352,5.8253,5.8255,5.8282,6305.37
1537531920,5.8344,5.8282,5.8285,5.8344,4148.6
1537531980,5.8339,5.8282,5.8299,5.8283,9690.06
1537532040,5.8286,5.8177,5.8286,5.8177,15965.84
1537532100,5.8197,5.81,5.8179,5.8139,7077.33
1537532160,5.8111,5.79,5.81,5.8014,9877.25
1537532220,5.8079,5.792,5.8039,5.7933,21837.08
1537532280,5.8049,5.79,5.7933,5.793,15697.39
1537532340,5.8056,5.789,5.7986,5.8015,30504
1537532400,5.8078,5.7952,5.7953,5.7989,2323.09
1537532460,5.8016,5.7949,5.799,5.801,6904.8
1537532520,5.8175,5.7974,5.7976,5.8173,6007.2
1537532580,5.8222,5.8143,5.8195,5.8162,9831.89
1537532640,5.8212,5.8134,5.8134,5.8199,3241.58
1537532700,5.8193,5.8138,5.8193,5.8138,283.67
1537532760,5.8144,5.8047,5.8142,5.8047,3467.12
1537532820,5.8066,5.8018,5.805,5.8039,5607.28
1537532880,5.811,5.7999,5.8066,5.8064,3867.2
1537532940,5.8154,5.8016,5.8062,5.8077,1619.36
1537533000,5.8096,5.8004,5.8077,5.8069,3706.18
1537533060,5.8117,5.8031,5.8039,5.8035,4757.59
1537533120,5.8178,5.8089,5.8089,5.8105,3041.91
1537533180,5.825,5.8131,5.8132,5.825,20158.26
1537533240,5.834,5.8242,5.8242,5.834,23087.62
1537533300,5.8449,5.8346,5.8346,5.8369,5563.41
1537533360,5.8423,5.8356,5.8399,5.837,5359.23
1537533420,5.8374,5.8255,5.8374,5.8296,6690.89
1537533480,5.832,5.827,5.8296,5.8279,5349.33
1537533540,5.833,5.8251,5.8252,5.8307,550.33
1537533600,5.8506,5.8306,5.8306,5.8431,10753.64
1537533660,5.8507,5.8368,5.8435,5.8429,3805.39
1537533720,5.8473,5.8327,5.8427,5.8392,7622.36
1537533780,5.8459,5.8399,5.8459,5.8422,4238.28
1537533840,5.8421,5.8377,5.8421,5.8377,4307.2
1537533900,5.8377,5.8273,5.8377,5.8279,4690.84
1537533960,5.83,5.8267,5.829,5.8269,3607.1
1537534020,5.8396,5.8265,5.83,5.8325,4628.28
1537534080,5.8319,5.8274,5.8279,5.8319,3046.52
1537534140,5.832,5.8262,5.832,5.8269,2555.72
1537534200,5.8269,5.819,5.8269,5.8235,4154.79
1537534260,5.8316,5.8199,5.8219,5.8313,7203.81
1537534320,5.8329,5.8241,5.8282,5.8242,2969.62
1537534380,5.829,5.8247,5.8247,5.8283,3314.33
1537534440,5.8285,5.8249,5.8281,5.8284,8897.47
1537534500,5.8451,5.8272,5.8283,5.8451,9515.54
1537534560,5.8447,5.8375,5.8446,5.8426,4321.47
1537534620,5.845,5.8395,5.8446,5.8445,4882.41
1537534680,5.8446,5.83,5.8445,5.83,3394.84
1537534740,5.8405,5.83,5.834,5.8405,5886.3
1537534800,5.8379,5.81,5.8355,5.8307,9636.74
1537534860,5.8332,5.8222,5.8295,5.8332,5462.58
1537534920,5.8398,5.8366,5.8383,5.8366,1056.06
1537534980,5.85,5.8398,5.8405,5.8408,7654.43
1537535040,5.85,5.8292,5.8487,5.8319,5996.6
1537535100,5.8409,5.8357,5.8357,5.84,3773.93
1537535160,5.8441,5.8358,5.8424,5.8415,1398.64
1537535220,5.8404,5.8264,5.84,5.8311,4978.19
1537535280,5.8316,5.8293,5.8299,5.8294,10600.03
1537535340,5.8323,5.8301,5.8302,5.8307,3383.55
1537535400,5.8338,5.8298,5.8326,5.8319,9679.93
1537535460,5.8413,5.8304,5.8309,5.8413,8338.47
1537535520,5.8408,5.8363,5.8382,5.8365,3879.01
1537535580,5.84,5.838,5.8386,5.8381,2477.79
1537535640,5.8476,5.839,5.84,5.8476,5212.41
1537535700,5.8698,5.8449,5.8481,5.858,19779.32
1537535760,5.878,5.8581,5.8581,5.872,10703.81
1537535820,5.9,5.8694,5.8753,5.9,41121.28
1537535880,5.9172,5.89,5.9,5.9,58135.83
1537535940,5.9035,5.8828,5.8999,5.8905,14048.9
1537536000,5.8935,5.8777,5.8905,5.892,15002.67
1537536060,5.892,5.8808,5.892,5.8824,14222.7
1537536120,5.8949,5.7964,5.8874,5.8601,57039.1
1537536180,5.8858,5.8586,5.8613,5.8858,8890.13
1537536240,5.8816,5.8513,5.8778,5.8777,5783.69
1537536300,5.8845,5.8499,5.8804,5.869,28518.21
1537536360,5.8864,5.8693,5.8749,5.8785,8390.61
1537536420,5.887,5.866,5.8787,5.866,7709.16
1537536480,5.8849,5.8728,5.8739,5.8815,6189.19
1537536540,5.8871,5.8747,5.885,5.885,7753.15
1537536600,5.885,5.88,5.8823,5.8848,4728.84
1537536660,5.8849,5.8781,5.8814,5.8823,5727.42
1537536720,5.8871,5.8784,5.8824,5.8831,11371.44
1537536780,5.89,5.8839,5.8871,5.89,6294.26
1537536840,5.91,5.8859,5.8899,5.91,18470.62
1537536900,5.9536,5.905,5.91,5.9487,27291.57
1537536960,5.9535,5.9423,5.9486,5.9534,15328.36
1537537020,5.9653,5.9502,5.9533,5.9594,11064.9
1537537080,5.9589,5.9349,5.9524,5.9512,17805.46
1537537140,5.9518,5.9384,5.949,5.95,14379.35
1537537200,5.9736,5.9458,5.9498,5.9701,39980.02
1537537260,5.9782,5.9631,5.9736,5.9775,43222.13
1537537320,6,5.9732,5.9775,6,88101
1537537380,6.02,5.9991,6,6.0091,54838.59
1537537440,6.02,5.9819,6.0162,5.9826,41349.32
1537537500,6.002,5.98,5.9932,5.982,14894.8
1537537560,5.9812,5.9313,5.9802,5.9469,20907.56
1537537620,5.9601,5.9384,5.94,5.9601,39647.82
1537537680,5.9673,5.9531,5.9532,5.9609,9310.76
1537537740,5.9608,5.9455,5.9608,5.9455,11051.4
1537537800,5.9611,5.9455,5.951,5.957,4100.26
1537537860,5.9604,5.931,5.9527,5.9361,6665.81
1537537920,5.9359,5.8904,5.9359,5.9143,21618.58
1537537980,5.9163,5.8851,5.9097,5.9163,28510.01
1537538040,5.9379,5.9087,5.9141,5.9379,9754.23
1537538100,5.9415,5.9286,5.9373,5.9347,7550.24
1537538160,5.9448,5.9335,5.9342,5.9446,6521.22
1537538220,5.9444,5.909,5.9415,5.9301,14551.77
1537538280,5.9293,5.9128,5.9293,5.9128,5932.86
1537538340,5.92,5.9091,5.9162,5.91,14889.06
1537538400,5.9183,5.904,5.9182,5.9042,10418.11
1537538460,5.9063,5.8674,5.9043,5.8675,25681.03
1537538520,5.8793,5.8566,5.8675,5.8766,20764.09
1537538580,5.881,5.8635,5.8714,5.877,9390.35
1537538640,5.8746,5.8037,5.868,5.8524,34202.63
1537538700,5.8659,5.8453,5.8499,5.8611,12900.01
1537538760,5.9001,5.8611,5.8611,5.9,41144.13
1537538820,5.9001,5.8826,5.9,5.888,135389.25
1537538880,5.888,5.8662,5.888,5.8716,24140.35
1537538940,5.879,5.8684,5.8699,5.8742,9141.77
1537539000,5.8844,5.874,5.8743,5.881,11435.21
1537539060,5.886,5.881,5.881,5.8815,7018.38
1537539120,5.9009,5.8818,5.8858,5.8988,10806.44
1537539180,5.8998,5.8884,5.8971,5.8938,8632.27
1537539240,5.8987,5.8743,5.8976,5.8779,15980.56
1537539300,5.8779,5.8683,5.8779,5.8738,5007.56
1537539360,5.8738,5.8615,5.8699,5.8668,6512.77
1537539420,5.8667,5.8577,5.8667,5.8623,4599.21
1537539480,5.872,5.8544,5.8623,5.867,8072.35
1537539540,5.8709,5.8584,5.8709,5.8624,4665.17
1537539600,5.8738,5.868,5.868,5.8691,2439.21
1537539660,5.8738,5.8691,5.8706,5.8704,5771.01
1537539720,5.8885,5.8732,5.8733,5.8829,1593.9
1537539780,5.92,5.8839,5.8879,5.92,11418.61
1537539840,5.9165,5.9,5.9106,5.9078,12379.85
1537539900,5.9057,5.8902,5.9018,5.8994,4899.59
1537539960,5.9011,5.8905,5.8993,5.901,15977.79
1537540020,5.9023,5.8908,5.9007,5.9023,18528.1
1537540080,5.9191,5.8962,5.9022,5.9184,8689.74
1537540140,5.9213,5.9091,5.9114,5.9204,8922.91
1537540200,5.923,5.9003,5.917,5.9037,12026.55
1537540260,5.9117,5.9034,5.9038,5.9035,5709.37
1537540320,5.9068,5.8813,5.9063,5.8857,15861.33
1537540380,5.8973,5.883,5.8909,5.8923,1389.06
1537540440,5.8973,5.8846,5.8925,5.8846,15555.57
1537540500,5.8957,5.866,5.8876,5.8762,8009.12
1537540560,5.8879,5.8686,5.8762,5.8797,9065.58
1537540620,5.8865,5.8749,5.8797,5.886,5847.32
1537540680,5.8859,5.8801,5.8801,5.8844,3586.02
1537540740,5.8969,5.8805,5.8839,5.8962,8677.01
1537540800,5.9031,5.8942,5.8962,5.897,9034.26
1537540860,5.896,5.8819,5.8928,5.884,5443.09
1537540920,5.8893,5.88,5.8886,5.8835,7717.28
1537540980,5.8899,5.88,5.8855,5.8899,5171.57
1537541040,5.9,5.8861,5.8898,5.9,12434.7
1537541100,5.91,5.893,5.9,5.893,8546.08
1537541160,5.9041,5.8904,5.893,5.901,4340.2
1537541220,5.9077,5.8969,5.9011,5.9077,5545.03
1537541280,5.9268,5.9091,5.913,5.9268,6849.37
1537541340,5.932,5.9225,5.926,5.9287,16261.24
1537541400,5.9309,5.9248,5.9267,5.9248,8242.11
1537541460,5.9249,5.9044,5.9246,5.9144,16980.47
1537541520,5.9198,5.9089,5.9144,5.9149,9170.94
1537541580,5.915,5.9031,5.915,5.9141,8180.56
1537541640,5.9217,5.9121,5.9159,5.9125,10240.36
1537541700,5.9226,5.905,5.9169,5.905,6716.29
1537541760,5.9226,5.9056,5.9121,5.916,6819.59
1537541820,5.9187,5.9073,5.9187,5.9128,8113.19
1537541880,5.9126,5.8794,5.9057,5.8921,14034.05
1537541940,5.8916,5.8667,5.88,5.8667,6351.53
1537542000,5.8774,5.8411,5.8702,5.8652,21063.37
1537542060,5.8729,5.8504,5.8652,5.8614,6496.63
1537542120,5.8615,5.8,5.857,5.8004,29416.18
1537542180,5.8114,5.7305,5.8074,5.7477,95979.1
1537542240,5.7749,5.7305,5.7477,5.7679,26713.73
1537542300,5.7965,5.7656,5.7678,5.787,18602.12
1537542360,5.8065,5.7898,5.7982,5.8065,12576.79
1537542420,5.8159,5.797,5.807,5.8105,7266.28
1537542480,5.8163,5.7873,5.8156,5.7922,13386.24
1537542540,5.7931,5.757,5.7931,5.7746,17716.11
1537542600,5.7833,5.751,5.7785,5.7833,20879.57
1537542660,5.7931,5.7766,5.7862,5.7842,7032.03
1537542720,5.7992,5.7825,5.7839,5.7899,16259.48
1537542780,5.8133,5.7834,5.7898,5.7989,19180.2
1537542840,5.8182,5.8035,5.8096,5.8035,7458.96
1537542900,5.8037,5.7792,5.8034,5.7885,14849.36
1537542960,5.7907,5.7708,5.7877,5.7708,3289.35
1537543020,5.7816,5.7513,5.7695,5.7762,36300.94
1537543080,5.7833,5.7732,5.7762,5.7766,7570.82
1537543140,5.7817,5.7624,5.7766,5.77,8170.47
1537543200,5.78,5.7643,5.77,5.7643,9243.51
1537543260,5.7794,5.7648,5.7695,5.7747,8418.54
1537543320,5.7822,5.7621,5.7765,5.7761,12306.41
1537543380,5.7912,5.7761,5.7762,5.7854,11292.15
1537543440,5.793,5.7791,5.7851,5.7838,3764.46
1537543500,5.7926,5.772,5.7833,5.777,9096.51
1537543560,5.7768,5.77,5.7725,5.7731,4653.5
1537543620,5.7727,5.76,5.77,5.7631,5439.49
1537543680,5.7726,5.7586,5.7651,5.7726,12593.62
1537543740,5.7912,5.7733,5.7733,5.7826,8208.11
1537543800,5.79,5.7783,5.7852,5.7832,5532.01
1537543860,5.7832,5.774,5.7812,5.7784,9051.49
1537543920,5.7784,5.7694,5.7784,5.7749,6817.51
1537543980,5.7781,5.764,5.7763,5.7747,7137.36
1537544040,5.7749,5.76,5.7673,5.767,9504.54
1537544100,5.7746,5.7385,5.7663,5.7385,54633.42
1537544160,5.7478,5.7315,5.7428,5.7329,12132.76
1537544220,5.7372,5.68,5.7372,5.68,134888.19
1537544280,5.6899,5.6,5.68,5.6676,109929.76
1537544340,5.714,5.6702,5.675,5.6982,12838.08
1537544400,5.7236,5.698,5.6982,5.7196,12795.84
1537544460,5.7413,5.7122,5.7122,5.7326,16683.48
1537544520,5.7419,5.7331,5.7331,5.74,15408.86
1537544580,5.743,5.7161,5.742,5.7162,22956.15
1537544640,5.7201,5.7024,5.7162,5.7177,9124.78
1537544700,5.7264,5.7023,5.7177,5.7023,17092.24
1537544760,5.7236,5.7,5.7055,5.7184,22808.52
1537544820,5.7246,5.7079,5.7178,5.7157,21373.33
1537544880,5.7326,5.7048,5.7179,5.7289,17462.14
1537544940,5.7315,5.7162,5.7296,5.7221,12023.44
1537545000,5.7285,5.7178,5.7178,5.7224,12939.98
1537545060,5.742,5.7224,5.7224,5.7405,7436.6
1537545120,5.746,5.73,5.7405,5.7389,14525.55
1537545180,5.7429,5.7245,5.7429,5.7245,7226.33
1537545240,5.7345,5.7206,5.7255,5.7287,26556.33
1537545300,5.7387,5.7247,5.7287,5.734,8469.14
1537545360,5.7323,5.7251,5.7297,5.7252,3945.18
1537545420,5.7318,5.7212,5.7252,5.724,7362.14
1537545480,5.728,5.7164,5.7242,5.7279,7990.8
1537545540,5.728,5.7194,5.7251,5.7218,7042.8
